,Trustee_Conservative_Benchmark,Trustee_Conservative_EqualWeight,Trustee_Conservative_MeanVariance,Trustee_Conservative_MaxSharpe,Market_Balanced_Benchmark,Market_Balanced_EqualWeight,Market_Balanced_MeanVariance,Market_Balanced_MaxSharpe,Kelly_Growth_Benchmark,Kelly_Growth_EqualWeight,Kelly_Growth_MeanVariance,Kelly_Growth_MaxSharpe
2021-01-04,0.004061895109733494,0.006204996799362318,0.0032616825498671537,0.002938157079197776,0.00621608748935667,0.006204996799362318,0.004641971836706076,0.0032391030503995844,0.006649622964594687,0.006204996799362318,0.003637555811146337,0.0026492358666276904
2021-01-05,-0.0010955161541547952,0.00023382414237991866,-0.0018898801886782206,-0.0013669419155706607,-0.0017527584770748842,0.00023382414237991866,-0.003243647469370515,-0.0015176821580018098,-0.002002645308641061,0.00023382414237991866,-0.004077431677443495,-0.0013229875617682097
2021-01-06,-0.00471531440868073,-0.004822941532558259,-0.0037345511822930192,-0.003751620252112964,-0.006204739885745007,-0.004822941532558259,-0.0032772716831232806,-0.004015172795167408,-0.006971215441869771,-0.004822941532558259,-0.004116315322424512,-0.0037685372079253746
2021-01-07,0.0058853183385261226,0.00466750960252647,0.005104272326303557,0.004335474303874898,0.008783621146034176,0.00466750960252647,0.008073478763922925,0.0051186441139210925,0.009258765496570343,0.00466750960252647,0.009836754193415013,0.0036398591480112257
2021-01-08,0.0038667338290373126,0.00327236870913275,0.0051224794193148885,0.004292246014550299,0.006228143703157994,0.00327236870913275,0.007642640723609248,0.005164186218947652,0.007963495171282106,0.00327236870913275,0.008881674205680676,0.004945594377796892
2021-01-11,-0.002433039353668434,-0.005094439143651744,-0.0029317587320565014,-0.0027756538595170637,-0.0033812478608332107,-0.005094439143651744,-0.0031089672319351267,-0.0024683658024206912,-0.003030633367229191,-0.005094439143651744,0.0004299315532276451,-0.00202585748669966
2021-01-12,-0.0013395464615988371,-0.0011043287064643585,-0.00035570226955032136,-0.00021164827059858062,-0.0015266706636504282,-0.0011043287064643585,-0.0007497923353937133,-6.125883843238706e-05,-0.0014400673081399163,-0.0011043287064643585,-0.002452599280938909,-2.3605174912352328e-05
2021-01-13,0.0006579495584487472,0.0011587614496086512,0.0002507587041372483,0.0004709773966522973,0.00016309410103126923,0.0011587614496086512,0.000860444703569309,0.0007534388057574315,0.00013756504470590787,0.0011587614496086512,0.0005355221674239888,0.0009046673797374105
2021-01-14,0.0018547265872804787,0.0013965681292402948,0.0009573725941345873,0.0006060980752104054,0.00281241781604531,0.0013965681292402948,0.0012023559786846702,0.00036582465824669635,0.002831231999054657,0.0013965681292402948,0.0031636679867579585,9.857423131109575e-05
2021-01-15,-0.0016298566405450153,-0.00020644534576509657,-0.002325132526969472,-0.0019098886654585019,-0.0022625408381735735,-0.00020644534576509657,-0.0030941202898241336,-0.0020271686592111694,-0.0026814590093285503,-0.00020644534576509657,-0.004207162776827155,-0.0019593967723796827
2021-01-18,-0.0024326558953766614,-0.0022296250376789488,-0.0020708728422627336,-0.0019047330445243578,-0.002998094731166898,-0.0022296250376789488,-0.00310461129123113,-0.0018634217052242287,-0.002180081852504277,-0.0022296250376789488,-0.0014900906859176926,-0.0012349004392434575
2021-01-19,0.00550683135799738,0.007981447315645282,0.005021892681725216,0.004305707102619626,0.00842276173781617,0.007981447315645282,0.00788599268159815,0.005033436749265012,0.009709747458202753,0.007981447315645282,0.00874743993569742,0.004300698665670618
2021-01-20,0.0006709881964740245,0.0009679516770554497,0.00012864128819947468,0.0002391486973174443,0.0007660945975268164,0.0009679516770554497,0.00027458705987880414,0.0003049398977695755,0.0006557280068227797,0.0009679516770554497,-0.0002869004867936425,0.0002004782707187387
2021-01-21,0.005384511136625184,0.0061568506351754515,0.006156556903262512,0.005463337817485264,0.007012301575677073,0.0061568506351754515,0.00855738596331211,0.005838738051167606,0.0075830686315359296,0.0061568506351754515,0.008464503832113501,0.005367018281503226
2021-01-22,-0.002880800633173731,-0.0035324834611246423,-0.0027265328754580045,-0.0027049212197705007,-0.0032112151937268843,-0.0035324834611246423,-0.0033013716093988166,-0.0029757622633335614,-0.0035089979387594923,-0.0035324834611246423,-0.0033104898433296307,-0.0029873983017315443
2021-01-25,0.0016685710719217095,0.0029063490629674766,0.0011419948500005876,0.001024161565730447,0.0028420512739574764,0.0029063490629674766,0.0017842636834222213,0.0015149287912634426,0.0038608876472638527,0.0029063490629674766,0.0029064646800932366,0.0015493555787399608
2021-01-27,-0.00269110710968674,-0.004478457421855143,-0.0025328226187240426,-0.002270720574782859,-0.004491447538304081,-0.004478457421855143,-0.0035879446836983215,-0.0029227275740236025,-0.005733378992746399,-0.004478457421855143,-0.0039265674359089085,-0.002950042512994554
2021-01-28,-0.00928198150332185,-0.01341049934551676,-0.008951696868945114,-0.007135451101784855,-0.01408467863355884,-0.01341049934551676,-0.01544751450372964,-0.007896582660780154,-0.015561881974955836,-0.01341049934551676,-0.018156308940667627,-0.005826728034057156
2021-01-29,-0.0036764531073465796,-0.003668080801702219,-0.0031719910275942323,-0.003181209508559366,-0.0038908529763425057,-0.003668080801702219,-0.00310135978330374,-0.0031917049678290028,-0.003752212202308904,-0.003668080801702219,-0.003525901314741675,-0.003107115078679837
2021-02-01,0.0012032923683553954,0.004236029284874332,0.00010401851551235391,0.0001005090957171707,0.002711605032445003,0.004236029284874332,0.0008497481366619403,0.0006171080147085486,0.0037378657415450284,0.004236029284874332,0.0005230714704163395,0.0005059888792469591
2021-02-02,0.009541856192104571,0.01069303569273397,0.009940887010416158,0.008796808541474958,0.013090555647922162,0.01069303569273397,0.013680716840645948,0.009531903409535698,0.014561286930098522,0.01069303569273397,0.016204466841437837,0.008508513853038956
2021-02-03,0.005378128696198377,0.0076707490587108905,0.005894256249532959,0.00457876241478844,0.008882003972676513,0.0076707490587108905,0.009243160190647297,0.004726082676063782,0.010211700087434997,0.0076707490587108905,0.01218667396970467,0.0036683601320792792
2021-02-04,-0.004994831425754099,-0.007180437210035063,-0.005130093668266838,-0.004707815403033939,-0.006612239433088442,-0.007180437210035063,-0.005755285326107593,-0.0046144697709357045,-0.007072618417150848,-0.007180437210035063,-0.005751609354825837,-0.004309678305924415
2021-02-05,0.006991209165636631,0.006887112247033615,0.007051327752842016,0.006276568518330927,0.009700993885746268,0.006887112247033615,0.009148134116283978,0.006814314188254918,0.011075022087964806,0.006887112247033615,0.011615695064830147,0.0063775404171063695
2021-02-08,0.0011732694226138283,0.0024688246138001666,0.000922541047569344,0.00048547045527729226,0.002123371072262733,0.0024688246138001666,0.0030250655706075737,0.0005484256870606843,0.0017912192044587693,0.0024688246138001666,0.002865362230527143,-0.0004526491840312233
2021-02-09,-0.001555310396885133,-0.0021952408706675925,-2.7841287196179012e-05,0.00018398629517704272,-0.003432089554690866,-0.0021952408706675925,-0.00021818213213397973,5.7658792451366404e-05,-0.004181781884607496,-0.0021952408706675925,-0.0024056143416142308,0.000514791082666718
2021-02-10,0.0021362804969410044,0.0036862701001238512,0.00172929392288462,0.001533211173276504,0.003840386566051259,0.0036862701001238512,0.0026431105353135133,0.002073035051035885,0.005176632514119771,0.0036862701001238512,0.0033096048287041663,0.0019213794076976339
2021-02-11,-0.0006042953929617739,-0.001586801337329022,-0.000981873993636484,-0.0006435874085538782,-0.0017287878689617347,-0.001586801337329022,-0.0022436270374150712,-0.0008997941070760928,-0.0024876500459801777,-0.001586801337329022,-0.00250376351167256,-0.0004956722660958529
2021-02-12,-0.0024069476869239613,-0.002993365205519987,-0.001979189382141865,-0.001937659721209726,-0.003000105281004105,-0.002993365205519987,-0.002003739457088946,-0.001867952778708013,-0.002780965775226261,-0.002993365205519987,-0.0015448712120107737,-0.001529257004283746
2021-02-15,0.0029465078613293864,0.0050130480143048654,0.002753554934321567,0.0017611350282511775,0.005868320545760295,0.0050130480143048654,0.006327744881165192,0.002203912876712014,0.006706382303554641,0.0050130480143048654,0.007958823979659106,0.0009472054252829217
2021-02-16,0.0033320670901461073,0.004456670573054589,0.0029781010559914952,0.0025004154655192835,0.00504498293437876,0.004456670573054589,0.004386436498432441,0.0026445981254671473,0.005461180949612526,0.004456670573054589,0.005130181281462175,0.002171168253630458
2021-02-17,-0.004301076551799918,-0.005140582860076636,-0.004788625139600632,-0.004571708444337401,-0.0044611383605290275,-0.005140582860076636,-0.004944238808864314,-0.0041885131948684855,-0.0042340320912795555,-0.005140582860076636,-0.004090491306387267,-0.004273977466556065
2021-02-18,-0.0018997426370361162,-0.004643732687263373,-0.002951632395096906,-0.0022818652627387584,-0.0034913978565436956,-0.004643732687263373,-0.004637126552356598,-0.002407798482871799,-0.00445956056093202,-0.004643732687263373,-0.005493936858379731,-0.0019857755350625532
2021-02-19,-0.006140171964086537,-0.007846190966414519,-0.00578675480494258,-0.005377851428080152,-0.0081597667822295,-0.007846190966414519,-0.0078088803006687545,-0.006007334414656306,-0.009145055375631306,-0.007846190966414519,-0.008104435127177775,-0.005446255854061514
2021-02-22,-0.005202450932709774,-0.0030637098509889928,-0.005378120178839404,-0.0056996469931929255,-0.004928040725834798,-0.0030637098509889928,-0.0035846615589287716,-0.0058003269543232434,-0.0054572083575841245,-0.0030637098509889928,-0.004238735168467691,-0.006581446543167516
2021-02-23,0.002454971654114786,0.00317089277824852,0.0010652454621361536,0.0011550703960198667,0.002584856134384829,0.00317089277824852,0.00014031549989257464,0.00039756173635965364,0.001043523297805247,0.00317089277824852,-0.0013825859354967803,6.500560192611463e-05
2021-02-24,-0.004665952171457596,-0.004914347373285787,-0.004733036288111927,-0.0044058739182454305,-0.0061181110068567555,-0.004914347373285787,-0.006026940591764425,-0.004923595622622371,-0.006988882009539778,-0.004914347373285787,-0.006533906022741007,-0.004823498773425564
2021-02-25,0.00351807622510321,0.006537305615634711,0.003517341977334282,0.00237795082857345,0.006906034516181588,0.006537305615634711,0.007981056381554462,0.0033414910912932597,0.008655850822434514,0.006537305615634711,0.010478464957743246,0.0024955699533597683
2021-02-26,-0.015496112507801824,-0.01958016240256686,-0.014568582920240991,-0.013422329250768486,-0.018973308804837854,-0.01958016240256686,-0.01919648476336306,-0.014076664309702024,-0.02004414592287034,-0.01958016240256686,-0.02099841978524702,-0.01299114546526852
2021-03-01,0.01187441173867886,0.012276879955499889,0.009973482503810136,0.009599278872657982,0.014148438662996811,0.012276879955499889,0.010238501902560766,0.009549247051913812,0.01474376267153642,0.012276879955499889,0.01315412181832269,0.009276651166112855
2021-03-02,-0.0007195864498562432,-0.002097934762390129,8.170734369290868e-05,-0.0004857335634517012,-7.634259198410911e-05,-0.002097934762390129,0.0017567760809060226,-0.0003034897850881344,0.00041512162717282573,-0.002097934762390129,0.0042509752827578455,-0.0005195431302583843
2021-03-03,0.002313033350468895,0.004191840569629737,0.0014500130864484643,0.001496396622572369,0.002738377445754243,0.004191840569629737,0.002310227922715623,0.00169298747986912,0.0024544251412324477,0.004191840569629737,0.0012798030267311402,0.0011722602822232756
2021-03-04,-0.008708479107902532,-0.008421000307434161,-0.010982887251937917,-0.010314649434348186,-0.010216163774835514,-0.008421000307434161,-0.013676589041398903,-0.011072838629617965,-0.011613446845374088,-0.008421000307434161,-0.013613613333490798,-0.010730022685489848
2021-03-05,-0.004512502959846058,-0.006410091356639767,-0.004193735281520053,-0.003777616331435237,-0.005377508784352797,-0.006410091356639767,-0.005546112696266859,-0.003474566679233924,-0.00497041115547959,-0.006410091356639767,-0.005609225334659151,-0.0027695765607721147
2021-03-08,0.0070357062212442764,0.00590661855263041,0.008565077285242105,0.0079724529133238,0.007959120929050188,0.00590661855263041,0.009813405505657805,0.0078103689047577625,0.007656384484519566,0.00590661855263041,0.009605034609481238,0.007024285118036624
2021-03-09,0.0023114407178392465,0.0011444554708150108,0.002808306344505602,0.0022868869902071677,0.003768138915053215,0.0011444554708150108,0.00417094709397576,0.002512088700223995,0.004260255302970516,0.0011444554708150108,0.005589322349394123,0.0019489144914549325
2021-03-10,0.0009928807788155648,0.0019379742725079575,0.0030724128202316505,0.003037983858995014,0.0001345030997377127,0.0019379742725079575,0.0033854439737698062,0.003187874418992443,0.0008494925042024576,0.0019379742725079575,0.0027638413093574645,0.003522913437744783
2021-03-11,0.002814854689698631,0.0027691134896048165,0.00394950356309493,0.0037374903766562413,0.003021340336133134,0.0027691134896048165,0.005177514099762082,0.004060370362474272,0.0035904222598690805,0.0027691134896048165,0.004292557238925584,0.004311007706663559
2021-03-12,0.002998609541987081,0.004437602968762295,0.0020962471160012753,0.0014851106487889084,0.0049083225851361606,0.004437602968762295,0.00434148532444314,0.0016590166722058799,0.005332643380201033,0.004437602968762295,0.006598151080373222,0.000790236760899304
2021-03-15,0.0003950987034724286,0.0014781921931285888,0.0012443940713834558,0.0007056234907360814,0.0019823755348049813,0.0014781921931285888,0.002148912679676496,0.000630479949804388,0.002511463250472483,0.0014781921931285888,0.0023483763277956484,0.00024364863661972076
2021-03-16,0.00524435487328984,0.006386937324695344,0.004681485506138774,0.004328938006510798,0.006386732261504482,0.006386937324695344,0.005273023233999724,0.0040564419984582475,0.006439994496928066,0.006386937324695344,0.0061990755333080575,0.0036437476769786282
2021-03-17,-0.0023061635884156478,-0.004155762428711011,-0.001368338306375893,-0.001097377689192999,-0.003452548987951378,-0.004155762428711011,-0.002176257743620559,-0.0010597156989546781,-0.0037805583436891126,-0.004155762428711011,-0.0034027698799857452,-0.0007289967515271733
2021-03-18,-0.003178160569605523,-0.0018256381083721403,-0.0024236097287426853,-0.0026250287544616084,-0.003221493818026514,-0.0018256381083721403,-0.0009477160977196346,-0.0024139278377143985,-0.0029423767611375068,-0.0018256381083721403,-0.0014219934069720514,-0.0025329959516622383
2021-03-19,-0.0027265572484474073,-0.0031048370542928285,-0.00332952267170414,-0.002954394485476805,-0.003436231289392271,-0.0031048370542928285,-0.0054799536394668355,-0.0033835897507162173,-0.0037288974105743095,-0.0031048370542928285,-0.005134039185173486,-0.0031011793999077245
2021-03-22,0.0022149370277451254,0.0027199972192174893,0.0016433957995053592,0.0017797968464492273,0.002408537287636143,0.0027199972192174893,0.0018014074082303901,0.0020940479596115035,0.002914089167109523,0.0027199972192174893,0.0017707399977710044,0.002309845789340574
2021-03-23,0.001108711185516171,0.00012572454367893314,0.0020055544625794414,0.0018931768144511006,0.0009068589476673884,0.00012572454367893314,0.001300457520079805,0.0015920982441273435,0.0006687863617899259,0.00012572454367893314,0.0015274986482349108,0.0017860393116044678
2021-03-24,0.002398150222547164,0.00034271163374607053,0.0019144868500208124,0.0022923222339865964,0.0022220337218585777,0.00034271163374607053,-0.0002684610860953221,0.002047076622158025,0.001861606675785658,0.00034271163374607053,-0.0010182055791881286,0.002294208655254559
2021-03-25,-0.001273359775430935,-0.0011161831408364974,-0.0013885046165454027,-0.0014201516049385076,-0.0014533768347822725,-0.0011161831408364974,-0.0015686203908259703,-0.0017357223016790705,-0.0019220283025157814,-0.0011161831408364974,-0.0017264219753661792,-0.0018885934493940808
2021-03-26,0.003987995043466177,0.005370059223364892,0.003219645468845004,0.002768458609063081,0.005522681761504987,0.005370059223364892,0.00510024056865939,0.0030354234908592137,0.006002990940228551,0.005370059223364892,0.006904014152261339,0.0023820583503914887
2021-03-29,0.0002008783406079326,-0.0004146349165172143,0.0014723697527134819,0.0012360636003641088,0.0003312317082690266,-0.0004146349165172143,0.002262786397378634,0.001432127358961229,0.0005777921887445697,-0.0004146349165172143,0.002104794281304071,0.0014062107741709233
2021-03-30,-0.0035181724771113547,-0.004162621334830209,-0.002603223504784863,-0.0028353884692002896,-0.003712715255480101,-0.004162621334830209,-0.001516448024235468,-0.002566523705520623,-0.0033246651812869196,-0.004162621334830209,-0.0006911405712760993,-0.00227663635474055
2021-03-31,0.0012101309460385119,0.001791840321263916,-0.0006175110405048621,-0.0009420136576027217,0.003266517461170087,0.001791840321263916,-0.0001916055608106586,-0.0009968727272554926,0.003649964403241382,0.001791840321263916,0.002181270478034738,-0.0016361635746074015
2021-04-01,0.0062840058328015955,0.007017446692432383,0.007190117640610379,0.006980643873451036,0.008093860594004122,0.007017446692432383,0.008216741585353913,0.007636869262786119,0.00957220155527477,0.007017446692432383,0.006798818339137874,0.007712816272578725
2021-04-06,0.005958955849781615,0.00804653069244629,0.007807383834002661,0.00714638801929078,0.006636794387961617,0.00804653069244629,0.010490703843115215,0.007210446223825955,0.006844834228174892,0.00804653069244629,0.010772585517962239,0.006475011757952123
2021-04-07,0.0026876298560891414,0.0028367904438762574,0.001842208714969716,0.0017329894877200173,0.0032004943759602693,0.0028367904438762574,0.0019046777554714745,0.0014363408982737648,0.0028596491696961882,0.0028367904438762574,0.002538276438895331,0.0011421334419138558
2021-04-08,0.004665765124425,0.005507857870374888,0.004465991345932757,0.0040910702324637015,0.00663609930247568,0.005507857870374888,0.005894025080055163,0.004436123795822789,0.007328730603176669,0.005507857870374888,0.00649981865712613,0.0038567029820726784
2021-04-09,0.0009738226657524889,0.0009727864059982618,0.001633090271473117,0.0014931182331262968,0.0011996873101293578,0.0009727864059982618,0.0017509117286814988,0.0013072906398064572,0.0011308935273361285,0.0009727864059982618,0.0015284348788151471,0.0011261985518207054
2021-04-12,-0.0010504307678885258,-0.0035909800610395004,-0.0005356420461592806,-0.00047589567715452245,-0.001566596062356225,-0.0035909800610395004,-0.0008471604098982639,-0.0004620457677843761,-0.0018212837866804275,-0.0035909800610395004,-0.0009545713662622827,-0.00029365615779921114
2021-04-13,-0.0012737689957407151,-0.0008773094780836114,-0.0010604083188279914,-0.0013114456983187334,-0.0005313271375331339,-0.0008773094780836114,-0.00038604780990831927,-0.0013009978464392602,-0.00010394495653447522,-0.0008773094780836114,0.0006484689831818816,-0.0015704775964800765
2021-04-14,0.003773000462279575,0.005612659058046215,0.0027304592559134603,0.002533901188979899,0.004491970571475743,0.005612659058046215,0.003719733987701573,0.002396042764121327,0.004180594303912657,0.005612659058046215,0.00384292512679324,0.0019415149545159685
2021-04-15,-0.000978909317926427,-0.0007798422198880449,-0.0027178336566423384,-0.002462082799749556,-0.0012226279046893644,-0.0007798422198880449,-0.0032397947069787215,-0.002560312777716768,-0.0020130529459204067,-0.0007798422198880449,-0.003536421930696384,-0.0027395251709952163
2021-04-16,0.003511968660708851,0.0054557904559069436,0.004566152809561299,0.004223398012235274,0.003973036391567564,0.0054557904559069436,0.005629097997506859,0.004149847500537406,0.004326645645939386,0.0054557904559069436,0.00551898611592193,0.0041130915319776565
2021-04-19,0.0015526302493404248,0.0013151158230599478,0.0024797986900064227,0.0024118503649615216,0.0019040200718153223,0.0013151158230599478,0.003157488344408143,0.0028537423792358114,0.002434517086683759,0.0013151158230599478,0.002292184588527849,0.002816011069712524
2021-04-20,-0.00485882723448526,-0.005148223600743451,-0.005180504524526422,-0.004992749178888767,-0.006067312559778873,-0.005148223600743451,-0.005907696910389284,-0.005371783597420086,-0.006924396807627283,-0.005148223600743451,-0.005995974664062224,-0.005227700436071258
2021-04-21,-0.0014118606053853254,-0.003583062072768199,-0.0011006543570756448,-0.00032682799054631144,-0.003365548229981741,-0.003583062072768199,-0.004009282210830147,-0.0004155658023696039,-0.003904512185055027,-0.003583062072768199,-0.006742241932155443,0.00034964183338267194
2021-04-22,0.004741594986315782,0.005766933890415424,0.0047777915261914975,0.004245499942892822,0.006594050415588293,0.005766933890415424,0.006630406245432892,0.004404946397563221,0.0072286091368962135,0.005766933890415424,0.007619321924173222,0.004018565768539657
2021-04-23,-0.0007569213095947789,0.0007484296849045613,-0.0014264226599424782,-0.0014372466871150707,-0.0004175347940419566,0.0007484296849045613,-0.0011095961286647668,-0.0013055358412790723,-0.00014717599254434718,0.0007484296849045613,-0.00045165187989868377,-0.0014280640964404873
2021-04-26,0.0003038712809185587,-9.925331633359066e-05,0.0009201199536499263,0.0006955150100495156,0.0005060868974658825,-9.925331633359066e-05,0.0018864512875836476,0.00084292505080012,0.0006238790817555536,-9.925331633359066e-05,0.002451517800207051,0.0006817211135827739
2021-04-27,0.00014928330376457515,-0.0001744543147030241,0.0006017772764123555,0.0005434984054727257,-0.00018082524438048833,-0.0001744543147030241,0.0009503668897460942,0.0005039571917738435,-0.00047509286526302376,-0.0001744543147030241,0.0006944515810936761,0.0004078862919346138
2021-04-28,0.0017132698865973783,0.0026230170220690506,0.001024144528382993,0.0007483712063087087,0.0034141552071578376,0.0026230170220690506,0.0015714056389490472,0.0008641992504393656,0.004115540447276441,0.0026230170220690506,0.0028469653508686804,0.0006873864201156893
2021-04-29,0.0015543614540722312,0.002974760029106278,0.0017987532206270838,0.0017511299875880443,0.0015624487105806875,0.002974760029106278,0.0024133689299512943,0.0018827245671521045,0.0016933180584774072,0.002974760029106278,0.0020510329681131425,0.001694557326472785
2021-04-30,-0.003992766059205569,-0.006014938318952356,-0.003837995383629229,-0.0035638036024434826,-0.005383429993149646,-0.006014938318952356,-0.0051874604882512524,-0.0038759291398370345,-0.006016665118844149,-0.006014938318952356,-0.005239431736418269,-0.003530198944134256
2021-05-03,0.0012375149117006955,0.0008362749830259864,0.0020339675405101703,0.0019181149914382577,0.0016144561208602081,0.0008362749830259864,0.00179006315990553,0.001678502038749607,0.0014694524960223141,0.0008362749830259864,0.0014273922453451153,0.0015118381515351164
2021-05-04,0.0014914862528533912,0.003485723856098367,0.0006257749777372672,0.0005073425668058856,0.002301017770829667,0.003485723856098367,0.0014708398129721753,0.0005909923152895992,0.0023983697553106907,0.003485723856098367,0.001623426481780482,8.385849673450703e-05
2021-05-05,-0.0005931974777773876,-0.0015340361520080142,-0.0019066105632405952,-0.0016057546302617777,-0.0011027602619076927,-0.0015340361520080142,-0.003225828523404566,-0.001837655640610865,-0.001900865098525576,-0.0015340361520080142,-0.003583973194683194,-0.0016857197132609993
2021-05-06,0.0003742128890900216,-0.0006476356541156911,0.0016523146649409983,0.001821827420859105,-0.0007744306335299363,-0.0006476356541156911,0.001151119042084089,0.0019344775138925054,-0.0008935212092379227,-0.0006476356541156911,-0.00016732971771442516,0.0023847478079059123
2021-05-07,0.0027504250071707387,0.0035431675846170746,0.003653810125249626,0.0034118148143568784,0.003205871335511584,0.0035431675846170746,0.004585744384433541,0.003353317558007481,0.003071081692399979,0.0035431675846170746,0.0034018290013887293,0.0030614372119163705
2021-05-10,0.003961873530784105,0.005239338991473799,0.002599596887374331,0.002279379568227771,0.005575340833531702,0.005239338991473799,0.004016455351806243,0.002173309253172154,0.004852934914440862,0.005239338991473799,0.003606519501154002,0.0011413578575568124
2021-05-11,-0.0073286263757093165,-0.008298537267116443,-0.0077980855866110355,-0.00714355777859027,-0.009839093083153016,-0.008298537267116443,-0.01056494341947068,-0.007693026501172484,-0.011130640356112288,-0.008298537267116443,-0.012083127143479977,-0.007120111429702659
2021-05-12,-0.00402638518717373,-0.003457899936879601,-0.003945036417135335,-0.003610365361949889,-0.004779555248341098,-0.003457899936879601,-0.004961412894402989,-0.003346177782989844,-0.004212186512291271,-0.003457899936879601,-0.005089231992415859,-0.0029188676664628236
2021-05-13,-0.00564329235916247,-0.008660434537180278,-0.005209552494586119,-0.004583374478619461,-0.007214614799255012,-0.008660434537180278,-0.007821515744290039,-0.004517093718290221,-0.007370937753425445,-0.008660434537180278,-0.00957491597880646,-0.0035457182990203053
2021-05-14,0.005633181685544805,0.00577754967597795,0.0067890430694034195,0.006074995821343493,0.007232233911316246,0.00577754967597795,0.008947969234588361,0.005824589593499094,0.007278025762198484,0.00577754967597795,0.01000233362425016,0.0050314593453284675
2021-05-17,0.003572741871481974,0.004785048972282436,0.004632313176930117,0.004322956970513914,0.004362515826117464,0.004785048972282436,0.006000647307130626,0.004481484635959944,0.004893569098741514,0.004785048972282436,0.0055856616158218506,0.004119845729789663
2021-05-18,0.0019712957134769148,0.0033077546634714488,0.0020106178168846573,0.001816931276105182,0.003254602109510707,0.0033077546634714488,0.0036290468467219837,0.002570223040292517,0.004080287357170844,0.0033077546634714488,0.002859754369945941,0.002615006054634785
2021-05-19,-0.008226025211629424,-0.01036026944837735,-0.007157560406517739,-0.006257285764311931,-0.012390044189256851,-0.01036026944837735,-0.010848937050613548,-0.0067727106319184095,-0.013450650431701648,-0.01036026944837735,-0.013086978013144646,-0.00537114548631841
2021-05-20,0.004240607437154363,0.005915313737749013,0.00288540563576767,0.0025050381617419022,0.006769143861718787,0.005915313737749013,0.0037710375747350144,0.002401440646567975,0.007173146240615676,0.005915313737749013,0.004763085327767598,0.0017653459358308067
2021-05-21,0.00444242816890121,0.003366719562029826,0.005663218847298062,0.005356214261379857,0.005028170719098874,0.003366719562029826,0.006773885051514971,0.005535807501149816,0.005622035865707349,0.003366719562029826,0.0072723010774016295,0.005543378205971615
2021-05-24,0.001276914154643019,0.0011649325315339144,0.0016202675276301467,0.0015621649376996078,0.0015476243119169994,0.0011649325315339144,0.0015667433183485379,0.0014581694280005168,0.0016209753625415961,0.0011649325315339144,0.001310157500246723,0.0013889719933155404
2021-05-25,0.005679309115769971,0.007381196345305868,0.00511767021749189,0.004520719030589642,0.007867906836786034,0.007381196345305868,0.007461328859695775,0.004748717925237235,0.008638952179578057,0.007381196345305868,0.009888688763267027,0.0040722521456724265
2021-05-26,-0.000952729186028085,0.0006888230814103051,-0.00044941447734789746,-0.0002717497858216552,-0.0015160175478913563,0.0006888230814103051,-0.00047337113117602056,-1.2777252379597315e-05,-0.0013047994662390011,0.0006888230814103051,-0.0020779627208130876,0.00014011647499097572
2021-05-27,0.0003660223658752874,0.00013224395843885613,0.00042387657905503575,0.0004496990422164305,0.0006649804227090255,0.00013224395843885613,0.0003863039642253277,0.0006507698437394092,0.0011084196251048048,0.00013224395843885613,0.0004341621894205337,0.0007265219046387277
2021-05-28,0.004460832371662749,0.0064740054629372394,0.0037606713025249406,0.003156001406773385,0.007232133958069617,0.0064740054629372394,0.0061805140662341326,0.0035393478701657077,0.008158294710702157,0.0064740054629372394,0.00827216100915859,0.0026676632871822023
2021-05-31,-0.00022631760009691654,0.0004930125381757487,0.0003148654004433024,0.00034962986899445507,-0.00032559924159110946,0.0004930125381757487,0.0003181541679135014,0.00046692385989744253,-7.031380694375467e-05,0.0004930125381757487,-0.0005097827395249123,0.0006719547236334568
2021-06-01,-0.0006864863950992759,0.000699588373737603,-0.0002814949987136237,-0.0002586875410401149,-0.0006753877177854028,0.000699588373737603,4.717157618414268e-05,0.00015838017560593324,4.936142326935959e-05,0.000699588373737603,-0.00021784395736627163,0.00046073504784893866
2021-06-02,0.002948511341313963,0.003527415799860178,0.0012598132306217461,0.001069868861498853,0.004136367301128396,0.003527415799860178,0.0016641691901728732,0.0007705107267517961,0.0037008209931504083,0.003527415799860178,0.0030902662573658816,0.00014542974333661888
2021-06-03,0.0029437157106566958,0.003918171689940343,0.0024900300436545776,0.0023444340767816447,0.0040546573875238166,0.003918171689940343,0.0030672312827269023,0.002515747698003667,0.004576951988773711,0.003918171689940343,0.003685391455863007,0.0023130800775332354
2021-06-04,-0.00030727217427279843,-0.0002562821996944655,-0.001257021721624979,-0.0013623393062302742,0.0009993248824405857,-0.0002562821996944655,-0.0008261285890152323,-0.001098915520811854,0.0016662318558378349,-0.0002562821996944655,0.0009029818304648449,-0.0013553645596851597
2021-06-07,0.0015439561540335476,0.0015437335535710872,0.0018067417197237682,0.0017234393978590647,0.0007068146153716209,0.0015437335535710872,0.001748138553074696,0.0011004176858612235,-0.0002766095772700413,0.0015437335535710872,0.0015295321049675935,0.0009283627140091279
2021-06-08,0.0011302618946715682,0.0015640899734195345,0.0013849575730820543,0.0012733817636849856,0.0014623943815831987,0.0015640899734195345,0.0015023259685629931,0.001080681585288793,0.0013627034752695267,0.0015640899734195345,0.0010534584795909051,0.0009875172964096234
2021-06-09,-0.00018602558409912736,-0.0016576517453297465,-4.51910742337259e-05,0.00020999914686122782,-0.00142002642867616,-0.0016576517453297465,-0.0008811473032805713,0.0002233797976420843,-0.0017091132988518174,-0.0016576517453297465,-0.0010745831414616018,0.0005627429131813262
2021-06-10,0.0032014708819155667,0.0045529475231582805,0.0023921981067698862,0.0023343350892140137,0.0034453921343177607,0.0045529475231582805,0.0022330206434235697,0.0020813297795038844,0.0033762820512263335,0.0045529475231582805,0.0032865862068356872,0.001989897193066564
2021-06-11,0.0010390096524405517,0.001416074967916963,0.0011868617519799072,0.00112894731333231,0.0014616933376076953,0.001416074967916963,0.0016328915212376865,0.001288416930970368,0.0018660059154548608,0.001416074967916963,0.0013660437249942302,0.0012804888624827141
2021-06-15,0.00386010963197882,0.0024688252387679134,0.0031876959917250636,0.002780424798555922,0.005900517629823201,0.0024688252387679134,0.004733887280787429,0.0030030479410620187,0.006363978070153636,0.0024688252387679134,0.006828559594216316,0.0024364420801766713
2021-06-16,-0.0011797545359671494,-0.0013260612123975927,-0.0012214455995066499,-0.001211011037543879,-0.0010863252380475222,-0.0013260612123975927,-0.0014994351596872319,-0.001309141683492792,-0.0011526971321969665,-0.0013260612123975927,-0.0013762818400383247,-0.0013677576964386943
2021-06-17,-0.0055962065283279225,-0.0076779209497541325,-0.006532427356309583,-0.006379304590042086,-0.005529412380220377,-0.0076779209497541325,-0.007023638704606261,-0.006208932992650251,-0.005461197502736661,-0.0076779209497541325,-0.00570461698165517,-0.006027119216742863
2021-06-18,0.004246826146406494,0.004630625555396615,0.005193544634748115,0.004850095932358231,0.005618107354163957,0.004630625555396615,0.006563646504522726,0.005404575428856434,0.0076383733433484325,0.004630625555396615,0.009590973142731033,0.0053921451979266595
2021-06-21,-0.008219865325085556,-0.010476132834259824,-0.008541404530899395,-0.007485968830484448,-0.012276096960031551,-0.010476132834259824,-0.013388147649737052,-0.008097948931484718,-0.013199237172426485,-0.010476132834259824,-0.014540668166076137,-0.006354949270826872
2021-06-22,0.007783595093581151,0.010557374345956485,0.008852237759728748,0.007546751647921614,0.012320314358446311,0.010557374345956485,0.013885062224730255,0.007739004009829922,0.01332841048550722,0.010557374345956485,0.015655597276170764,0.005946135972182814
2021-06-23,-0.0004127370562138674,-0.0014480991310922239,0.00046858876595202347,0.0005532570243580932,-0.0014539142025255859,-0.0014480991310922239,0.00048491310637297386,0.0007239090723698638,-0.0013036745181491647,-0.0014480991310922239,0.0004124177038700014,0.0010927842989133527
2021-06-24,-0.0021113716101610965,-0.0022946291125784035,-0.0024809289438262132,-0.0023462286944059886,-0.0029401469700918825,-0.0022946291125784035,-0.003014789174568977,-0.0025309089075157888,-0.0033806663909087932,-0.0022946291125784035,-0.0029520248423394054,-0.0023995040536072243
2021-06-25,0.0031675798480413227,0.0056579835791063585,0.0030753222898625477,0.002646851476871734,0.004768621285469552,0.0056579835791063585,0.005125209250498741,0.0029704450530129455,0.005505842972804162,0.0056579835791063585,0.006320405156191115,0.0023503440012186466
2021-06-28,-0.0001572598187091399,-0.0010655497343789546,0.00046452542664944773,0.00039100206372143784,9.234263071436897e-05,-0.0010655497343789546,0.000951068676965751,0.0005829052436176947,0.0001540952213622786,-0.0010655497343789546,0.0002056513918520915,0.0005046602340427637
2021-06-29,0.0014304530467356563,0.0007760815544211244,0.001338282784430988,0.0014643226814304014,0.0010230416514512095,0.0007760815544211244,0.00039888678805864665,0.001232132382206855,0.0008300350243659847,0.0007760815544211244,0.0006029607022658932,0.0014678522768470496
2021-06-30,0.0016007906436501357,0.002489616613961653,0.0018468119263577577,0.0015925584092694592,0.002850597071370669,0.002489616613961653,0.0031135557191172805,0.0020765932381097223,0.0039710002649758856,0.002489616613961653,0.004942808536933076,0.0017108647705064799
2021-07-01,-0.0007206939962532867,-0.0014570770196484122,0.0019325364316978362,0.002043810749064656,-0.0019298909412558186,-0.0014570770196484122,0.0013250948670023527,0.002044150076824222,-0.0015672879755364321,-0.0014570770196484122,-0.00032886168863221625,0.0025451033530233774
2021-07-02,0.004690535672142207,0.0032258171084015436,0.0035689228217850168,0.0035352806878775757,0.0052106563330822295,0.0032258171084015436,0.0035647618183644557,0.0032433310458787443,0.004444076296782446,0.0032258171084015436,0.0037144620767423637,0.0028747664414269596
2021-07-05,0.0006273600990456751,0.0001371661623118087,0.000559267624890692,0.0005969038525305791,0.0001900390729076421,0.0001371661623118087,0.00012065274535655978,0.0002661751617262687,-0.0005149377637580573,0.0001371661623118087,-0.0006695387450881611,0.00020024681344288977
2021-07-06,-0.004094623274619552,-0.004164792913681822,-0.0032876261386899142,-0.0032141738541335506,-0.0055006550062032655,-0.004164792913681822,-0.0033947779911935316,-0.003462988616863267,-0.006516266400196706,-0.004164792913681822,-0.004912584964589443,-0.003366376339428111
2021-07-07,0.005329354778919249,0.004890656762946347,0.004473544447338622,0.004604057033212196,0.006172638206016062,0.004890656762946347,0.003488194369124849,0.004519079258506475,0.006679540484094578,0.004890656762946347,0.003976538913187054,0.004659424081159173
2021-07-08,0.0024027853131897464,0.0009705173463414668,0.0027588251075045295,0.0028469613051980516,0.0022946828298343706,0.0009705173463414668,0.002163224446024893,0.002724147577569123,0.002206726136068636,0.0009705173463414668,0.0021838732042607925,0.0026860701242672324
2021-07-09,-0.0036621485881914457,-0.00503132476399884,-0.002526786162759794,-0.0021369776401767245,-0.005247264975019508,-0.00503132476399884,-0.004172766088765539,-0.002099654677851348,-0.005189771994249248,-0.00503132476399884,-0.0054998742004098485,-0.0013216565474534249
2021-07-12,0.004306021629444694,0.005581088618549281,0.0037583295954221464,0.0032653294360049053,0.005915337013240607,0.005581088618549281,0.005614095277088084,0.003143121082824332,0.005746019036843064,0.005581088618549281,0.006703558444458418,0.002291521140955443
2021-07-13,0.0014145252598516068,0.002803022031643793,0.0020848574558944223,0.0018250445360703828,0.002015291011650718,0.002803022031643793,0.003750329436501897,0.0023836152375599435,0.00291215237843948,0.002803022031643793,0.004315878038652769,0.002243197508939601
2021-07-14,5.385855100874119e-05,0.0008402850276173579,-0.00043683095884447455,-0.00036721969312051775,0.0006281745405055873,0.0008402850276173579,-0.0006035273607394023,-0.00022340340881286293,0.0009006952154387178,0.0008402850276173579,-0.001029977306219895,-0.0003688269840760585
2021-07-15,0.00019636599424380889,-0.0003191517658113177,0.0010225103017433464,0.0012467236057765302,-0.0011194863610472056,-0.0003191517658113177,0.0004946120423904571,0.0014601467999199968,-0.0012331704047969633,-0.0003191517658113177,-0.0008262203730407295,0.0018761768903961175
2021-07-16,0.0005210402854802815,0.0005628019276725744,5.2200751308363215e-05,0.00013923115751318028,0.0010716753134461419,0.0005628019276725744,-0.00039593556302318367,0.00019191815994702778,0.0013547467937480627,0.0005628019276725744,-0.00045458790505956224,0.00022937213725927622
2021-07-19,-0.0033404160490963404,-0.005647946514067789,-0.0032553009748663283,-0.002700103544603236,-0.005538307637133349,-0.005647946514067789,-0.006053049613129401,-0.0031809938312163497,-0.0062961819695292786,-0.005647946514067789,-0.006445178646000764,-0.00246078130667534
2021-07-20,-0.0012132104256031553,-0.002670154995014223,-0.0010227932079445773,-0.0004898375732891289,-0.0028962559348533795,-0.002670154995014223,-0.003596166601891388,-0.0008167524355174164,-0.00338586852038904,-0.002670154995014223,-0.0050178426744823075,-0.00011821261165798648
2021-07-21,0.005506323289337227,0.005382097819671582,0.005953382393639005,0.005445738562625168,0.007578453089789643,0.005382097819671582,0.007846183877384227,0.005591824867991412,0.008399247021908722,0.005382097819671582,0.009448185363018422,0.005027749954668026
2021-07-22,0.0026787049766253046,0.004071428015527392,0.001805805409211517,0.0012062317121678521,0.004991346485381248,0.004071428015527392,0.004937208916326994,0.0017424053992548716,0.005629720917756407,0.004071428015527392,0.0067264235752101335,0.0008631004956812734
2021-07-23,0.0017138122275949306,0.0017113508563015966,0.001959489862446981,0.0018394281246388387,0.002014390107400436,0.0017113508563015966,0.002114263367440043,0.0015881520695400467,0.001937846695549168,0.0017113508563015966,0.0023383849827797324,0.0014210154611544543
2021-07-26,0.0009763136820678474,-0.0013764979698778984,0.0016013814629297397,0.0016939353286194426,0.00025151371639572695,-0.0013764979698778984,0.0009648955064334427,0.0011924434183364482,-0.0008771080627985082,-0.0013764979698778984,0.0001276059946943787,0.0008261712392551283
2021-07-27,0.0009792134984240924,-0.00035641504851344246,0.0001978088262541839,0.000108578327985955,0.0012616796757062183,-0.00035641504851344246,0.0002614694916171975,-0.0002708634684171251,0.0003633496804275615,-0.00035641504851344246,0.0009560624379296567,-0.0007541842289977313
2021-07-28,-0.0010733726088780371,-0.001231494928635854,-0.00019399699164110608,4.778534576741875e-05,-0.0024912653773279383,-0.001231494928635854,-0.0017997744694242545,-0.000423361687956411,-0.002878178826560629,-0.001231494928635854,-0.002683816399112595,7.078488638538044e-05
2021-07-29,0.0015223929386487887,0.0035833906501865336,0.0010747195940230205,0.000945078698054178,0.00280179412383263,0.0035833906501865336,0.0027015737287815426,0.0019265776740636606,0.004177954944865667,0.0035833906501865336,0.0025935928540137395,0.0019034635404983373
2021-07-30,-0.0009918288899774062,-0.0010216371914510932,-0.0007611220132251213,-0.0006625826167671895,-0.0016880514824159276,-0.0010216371914510932,-0.0018428087830002814,-0.001285372019236398,-0.002448002082626674,-0.0010216371914510932,-0.0024987650389197724,-0.0012089627599590907
2021-08-02,0.005901660537763014,0.006864599479548117,0.0053735676999483225,0.0047948843808780384,0.009109968111356809,0.006864599479548117,0.007845423071094993,0.0054968463690649675,0.010837518828873127,0.006864599479548117,0.010236756592027005,0.004929784982931067
2021-08-03,-0.0025218897576051117,-0.0021346923846463197,-0.003530139464606836,-0.003266830370758336,-0.0037107715374255367,-0.0021346923846463197,-0.0043367573531551675,-0.0035063780411605247,-0.004351111759593672,-0.0021346923846463197,-0.004469912378661475,-0.0033234082181646677
2021-08-04,0.002753672977691724,0.0036890905748421295,0.0027430361406453915,0.0024983301896113457,0.0036595292012114975,0.0036890905748421295,0.003871890245339217,0.0027649771628527635,0.003994818095502465,0.0036890905748421295,0.0042825786347945325,0.0025119151499834133
2021-08-05,-0.0004710808720712789,-0.0002450607685868046,-0.0009985164004825172,-0.0010496501357374316,-0.00026821378019233484,-0.0002450607685868046,-0.001288209351055117,-0.0014222853542058642,-0.0005728944524046549,-0.0002450607685868046,-0.0007825456775070538,-0.0014739368298926836
2021-08-06,0.0009592001042184284,0.0007631646656884037,0.0008833419710390775,0.0006346929067264105,0.0019363825105799932,0.0007631646656884037,0.001662887183326403,0.000594151130240997,0.0022472877677071233,0.0007631646656884037,0.0026189041169282,0.00033781287922935056
2021-08-09,-0.0018619637931076942,-0.002624537836884708,-0.003055188260855466,-0.0032222147384714525,-0.0010670345738054874,-0.002624537836884708,-0.002494763620207455,-0.0030509379493722628,-0.0006669876980512679,-0.002624537836884708,0.0005615444554541044,-0.0031957459985441188
2021-08-10,0.0017584976451048868,0.0017840922342389706,0.001850018906400173,0.0016260467326325817,0.002887267778333641,0.0017840922342389706,0.0027680342724252217,0.001952028023680992,0.0037916345578584056,0.0017840922342389706,0.0037235419350244345,0.0018252184061787573
2021-08-11,0.0005745930472880469,0.000585111757042386,0.00019835688787265992,0.00012168473349639769,0.0010008066283197668,0.000585111757042386,0.0007614420772262056,0.000242161896531019,0.0009257524182557106,0.000585111757042386,0.000986967865886301,-7.727333379429394e-05
2021-08-12,0.001064874117118477,0.0007296119420948849,0.0011891493312681165,0.0012872927277868696,0.0005588560692161115,0.0007296119420948849,0.001141445211458979,0.001314860406418346,5.757804916454331e-05,0.0007296119420948849,-7.590659972740486e-05,0.0012155597067466915
2021-08-13,0.0027355203185839483,0.0029316839929331854,0.002792580510974628,0.0025240957665804416,0.004166819603624164,0.0029316839929331854,0.0035311177119031747,0.002455989802299582,0.00439927733121733,0.0029316839929331854,0.003871735876985806,0.0019507329451818097
2021-08-16,-0.0001574256453440022,-0.0004723147664774384,0.0008859274806188676,0.001176533321839021,-0.0017463967771526648,-0.0004723147664774384,-0.0006816440574310568,0.0007659015142393292,-0.0022703198652326262,-0.0004723147664774384,-0.0021036341296763357,0.0012855774861611122
2021-08-17,-0.0011157106756017041,-0.003571725863290053,0.000986780346941551,0.0012352530987085374,-0.002623093886158826,-0.003571725863290053,-0.0003304512885263917,0.0009517300017973744,-0.0029585842426409496,-0.003571725863290053,-0.002333932166926966,0.0015176198157209504
2021-08-18,0.0015876970371009188,0.0038393071379861496,0.0021528065625530447,0.0018678071840499543,0.0028144595581272515,0.0038393071379861496,0.002860354458207094,0.0020169432860991272,0.004123088669882003,0.0038393071379861496,0.0038449340230361354,0.0020648840031639365
2021-08-19,-0.003909685468505508,-0.005979649874669644,-0.004638021067670958,-0.003949767388102655,-0.005533496992704641,-0.005979649874669644,-0.007625778409301624,-0.004270664192283751,-0.005808505336440997,-0.005979649874669644,-0.008266712928428056,-0.0034885715348531333
2021-08-20,0.0018856234480778054,0.0007615736429261568,0.0029524128606901643,0.002965918198801445,0.0018312360555236358,0.0007615736429261568,0.002101954815487587,0.0025790689517877397,0.0015806542282091579,0.0007615736429261568,0.0012652329788845466,0.002746624249966115
2021-08-23,0.00398682553165299,0.005940011880154648,0.005148996369484671,0.004308480185048897,0.0064706243785363216,0.005940011880154648,0.008443050410128222,0.004681299078151084,0.008004125640755947,0.005940011880154648,0.010183896154666515,0.0040215918271389395
2021-08-24,0.000809048135160865,0.002399234182791806,0.0006375218704537254,0.00039569843069267466,0.0013422039302683731,0.002399234182791806,0.0018500877095282782,0.00047350250001096703,0.0012839252264863392,0.002399234182791806,0.0017177884798082496,0.00030305253868753186
2021-08-25,0.00012316329530221812,0.0010905625158628507,-0.0009060587007593166,-0.0010041675383420797,0.001030699070527715,0.0010905625158628507,0.00022405542717362026,-0.000423715033506237,0.0017117857262742581,0.0010905625158628507,0.0009980444711108025,-0.0005887751561775165
2021-08-26,-0.002515246100820841,-0.0032527947899158656,-0.002090272336329481,-0.0021101318626065182,-0.0031113954519732968,-0.0032527947899158656,-0.0023264913781174167,-0.002403511286897305,-0.003630986559924589,-0.0032527947899158656,-0.002386912235150628,-0.0023469890449008823
2021-08-27,0.00011891577774020985,0.0007312610376620498,0.0005500142764672621,0.0005428574197723932,0.00039247625220914956,0.0007312610376620498,0.000589152217806201,0.0006770720939223695,0.0007424201907493512,0.0007312610376620498,-0.00012827842370075176,0.0008436912619707882
2021-08-30,0.002379900221721084,0.0038217141725930036,0.0024900505952890834,0.0022801746809205247,0.0027037341161618702,0.0038217141725930036,0.0034968318202885265,0.002333144968506533,0.002765591623445226,0.0038217141725930036,0.0034898855549508785,0.0020523529878353408
2021-08-31,0.0025795013402781656,0.004083072869816741,0.0021108513802209285,0.0017679773946463785,0.0035885687168013204,0.004083072869816741,0.0032466137799723994,0.0016486331904103063,0.003827582232444391,0.004083072869816741,0.004403000828603838,0.001351343768580577
2021-09-01,-0.0012469306766920785,0.00029200733648331316,-0.0010875741167995676,-0.0012853102173738913,-0.00033095055731441895,0.00029200733648331316,-0.00011617570194090772,-0.0008008319853589101,0.0006463477687212894,0.00029200733648331316,0.0003370372162714493,-0.000808234731532614
2021-09-02,-0.0014172741505815575,-0.0015192259645951632,-0.002470850728730224,-0.002313489691660427,-0.0025502254100055657,-0.0015192259645951632,-0.0032530068438469256,-0.0026294316801275096,-0.0035101643068768404,-0.0015192259645951632,-0.0033307500127486996,-0.0025549876810953853
2021-09-03,0.0017479675880614758,0.003012004504141857,0.0010801502544187473,0.000710385766086883,0.00297065206105563,0.003012004504141857,0.0026582407366376294,0.0006714796498899202,0.0029239804696608767,0.003012004504141857,0.0038987998333150746,-2.0060540611596126e-06
2021-09-06,-0.00043977735127483477,0.0004767124673502833,-0.0003942607747537065,-0.00048411896819381366,0.00018770185597209856,0.0004767124673502833,-9.383985053832079e-06,-0.0003163359220177594,0.0005177115662034167,0.0004767124673502833,-0.0007254095492322363,-0.00037086683315547947
2021-09-07,0.0011322995994121799,0.0017779238951241719,0.0011118016746425182,0.0009853195789628771,0.0017096668688065366,0.0017779238951241719,0.0015972964649602285,0.001114296633619721,0.0023255954703629354,0.0017779238951241719,0.0026486777871634736,0.0011175790327958754
2021-09-08,-0.0027168008580112112,-0.004701611356150977,-0.0027404385822622506,-0.002619881958135126,-0.0029041190320867405,-0.004701611356150977,-0.0029140483701899944,-0.0023205130564181217,-0.002801227511602285,-0.004701611356150977,-0.002709764436923171,-0.0021915629947154595
2021-09-09,-0.005519292834609853,-0.009137128785538219,-0.004090242389297769,-0.0033167064386338046,-0.009225014248901734,-0.009137128785538219,-0.007433990625640402,-0.0038909413919973987,-0.010285267775529948,-0.009137128785538219,-0.009204687270076445,-0.0026043745087963896
2021-09-10,0.002695255587490584,0.004687775567726458,0.002576631535958275,0.002343120236912974,0.0035169273941310785,0.004687775567726458,0.0037606820528768544,0.0026842941371622367,0.0040298384149837965,0.004687775567726458,0.004070984561348295,0.002319952610398863
2021-09-13,-0.0013814344476962392,-0.0024551663956549935,-0.0024489959211663093,-0.002177702716331054,-0.0013661677996737614,-0.0024551663956549935,-0.0035045066075011766,-0.002278186187330589,-0.0015822127510407755,-0.0024551663956549935,-0.0036138328579357107,-0.002212128670393995
2021-09-14,0.002169538978392643,0.003517647539244199,0.0023766911720901162,0.002128862165528944,0.002849159150250919,0.003517647539244199,0.00324323885284155,0.0021952717917664804,0.003127400926384929,0.003517647539244199,0.004113044801445635,0.0018018261718546107
2021-09-15,-0.0006986362091969338,-0.0005807721610509335,-0.0006777897956376218,-0.0003756522927198153,-0.001579765554654424,-0.0005807721610509335,-0.002405116489945288,-0.000928030162603072,-0.0018924233703186111,-0.0005807721610509335,-0.003299853572287686,-0.0004904841692043526
2021-09-16,0.0012992756275317222,0.0006694985339339598,0.0005117293319820648,0.0002693942538496215,0.002658902839351671,0.0006694985339339598,0.00147963733990175,0.00014213714773975237,0.002611580689827646,0.0006694985339339598,0.0030123671166133715,-0.00030484151195994246
2021-09-17,-0.002580557556496141,-0.0028497918128468237,-0.0014435760300378466,-0.0015584982321091457,-0.0028787767369981934,-0.0028497918128468237,-0.0010379417421300032,-0.0014668731351687944,-0.002006235537514714,-0.0028497918128468237,0.0002605530973905193,-0.0010306360864436996
2021-09-20,-0.009568870813464306,-0.013505593037980235,-0.008844647300948659,-0.0077733582495134726,-0.01371877543466361,-0.013505593037980235,-0.013452499551301561,-0.008389559803671415,-0.015047392309313179,-0.013505593037980235,-0.01570199399406054,-0.006941083311299426
2021-09-21,-0.0009172551851826796,-0.0011802949200597698,-0.0024514275508359874,-0.002130084493373057,-0.0018672220986326758,-0.0011802949200597698,-0.003854421663853135,-0.0025192015412980637,-0.0031429933423049628,-0.0011802949200597698,-0.004967308354633844,-0.002490835328137445
2021-09-22,0.002622436491447842,0.005814013535262318,0.0029502389598294026,0.0026063549752748808,0.0041811913586375475,0.005814013535262318,0.004309320347281478,0.002990677393607574,0.005354614932101956,0.005814013535262318,0.004703465613702539,0.0026812543466447807
2021-09-23,0.005618040304568273,0.006576072844329005,0.005208228858402764,0.004663937783342395,0.008188644966284252,0.006576072844329005,0.007500350895225056,0.004946675221452644,0.0092887085755962,0.006576072844329005,0.01000540912127953,0.004245344216258855
2021-09-24,-0.003952613025719815,-0.005578171537547742,-0.00311481797725447,-0.0034327155857492644,-0.003592335866756105,-0.005578171537547742,-0.001321097328616847,-0.0030703877859647906,-0.00354619772900949,-0.005578171537547742,-0.0014676235262543488,-0.0032366863841937718
2021-09-27,0.0033710720128299052,0.0043750745661775906,0.0037313310832326817,0.003421090706963544,0.004823044922095486,0.0043750745661775906,0.004922588850456283,0.003382351280416253,0.004997900138535511,0.0043750745661775906,0.005341863620627743,0.002655254680168009
2021-09-28,-0.007985068183007185,-0.009461470458758583,-0.0076267963598663615,-0.0072369068170603,-0.010455912656572888,-0.009461470458758583,-0.00880657045753722,-0.006994377252585718,-0.010897522880337287,-0.009461470458758583,-0.00961749426116684,-0.006348189709678423
2021-09-29,-0.006871217370652965,-0.00849748604802388,-0.00702771919729463,-0.006286856348318005,-0.009157981692001294,-0.00849748604802388,-0.010099329340599521,-0.006533326726265497,-0.009903493074773964,-0.00849748604802388,-0.011575334091853639,-0.005689121674405493
2021-09-30,0.00605837808254935,0.0077595029847403576,0.004464741899531106,0.003958998972187631,0.009399978609913307,0.0077595029847403576,0.006409438347596492,0.004261028489567544,0.01035125131084047,0.0077595029847403576,0.008558021753290068,0.003384375067087873
2021-10-01,-0.010136565650465243,-0.012173771273595492,-0.010002922818297934,-0.008763353027571783,-0.015113746102434142,-0.012173771273595492,-0.014789228870716166,-0.009052382767989567,-0.01667366371952944,-0.012173771273595492,-0.01881753123689163,-0.0075332383852938336
2021-10-04,0.004728179745313404,0.006700229717458271,0.004009148290127527,0.003365372110370623,0.006921700815278085,0.006700229717458271,0.006309135977218969,0.003202107194115806,0.006628102025335964,0.006700229717458271,0.0071509899387696765,0.0020738388811120676
2021-10-05,-0.004610531861160473,-0.005340755434914119,-0.005315218337011018,-0.004900569681950706,-0.0058986214190110305,-0.005340755434914119,-0.006989512474388317,-0.0050231033910076855,-0.006628277763833481,-0.005340755434914119,-0.008035050792575797,-0.004693602117634597
2021-10-06,-0.0018560378065269733,-0.002217642310812727,-0.00045261047198160256,-0.000663685990119041,-0.0016765357681976993,-0.002217642310812727,0.0005833263157285409,-0.0004459964725639456,-0.0011999136244057634,-0.002217642310812727,0.0007117191502776148,-0.00047723011230855567
2021-10-07,0.005095571724666595,0.007291759097200346,0.005362969027548876,0.00483286612083851,0.007115188772728322,0.007291759097200346,0.007662818494737914,0.005139774409011345,0.008262456030261852,0.007291759097200346,0.009227391098897406,0.004632371521664833
2021-10-08,0.0016418105918037697,0.0026128501220929736,0.0011393930359824293,0.0007172594529435514,0.003463015796649872,0.0026128501220929736,0.0029419199715709113,0.0009502645854946387,0.0037529910142553987,0.0026128501220929736,0.0037907089678591854,0.00019479798703558694
2021-10-11,-0.0020476564250419566,-0.0009500478008250393,-0.002153262030755234,-0.0022365352473490254,-0.0018079700571008892,-0.0009500478008250393,-0.0014154058405629769,-0.0016449867496384904,-0.0013246682512207289,-0.0009500478008250393,-0.0015538977046205037,-0.0016160041548475192
2021-10-12,-0.005579403570460006,-0.006158831877390978,-0.006731788795473714,-0.0063791901376893875,-0.007106148457703507,-0.006158831877390978,-0.00829225539185163,-0.0068072736415381325,-0.008397039536628391,-0.006158831877390978,-0.009314195458855572,-0.006552538437405976
2021-10-13,0.0028521461808813384,0.003892939814243012,0.0031659377172444003,0.003041135682250044,0.0033119154108787077,0.003892939814243012,0.003384558780202146,0.0028738100757040945,0.003792692289329855,0.003892939814243012,0.00414451563562416,0.002905093744705142
2021-10-14,0.004416849165184787,0.0063284666437983285,0.004689710703514857,0.0043618369285620675,0.005427228610692689,0.0063284666437983285,0.005978288196769039,0.004268566627585356,0.0055806403389532045,0.0063284666437983285,0.005457460971920286,0.003874993902300317
2021-10-15,0.0054611178944446075,0.00543838916795518,0.006279110351219831,0.005738219897248544,0.006971802552764415,0.00543838916795518,0.008698623673935174,0.005868238578636958,0.007371190458809863,0.00543838916795518,0.009620495952853957,0.005324597671225013
2021-10-18,-0.0015497315392096556,-0.0020038521213228216,-0.0019504836728309188,-0.0022256941345319063,0.00013048959025007258,-0.0020038521213228216,-0.00037448425280914993,-0.001737828490738504,0.0009562975408844371,-0.0020038521213228216,0.0015361883905641483,-0.002151328096929036
2021-10-19,4.477958620407633e-05,0.0023450907456683922,0.0002977514757473283,-4.305163805977042e-05,0.0006239321089182852,0.0023450907456683922,0.0015092712416857846,-9.025593338921474e-05,0.0009022844145080211,0.0023450907456683922,0.0021184346341313843,-0.00029306751090796317
2021-10-20,0.0013243509510033594,0.002141248668648823,0.0004966173959008169,0.00010354648982740664,0.0026860701917804605,0.002141248668648823,0.00195611840087103,0.00012740760187726605,0.0026886817759515557,0.002141248668648823,0.0026135027674456936,-0.0003960643640558997
2021-10-21,-0.00017136806737242375,0.00028199299519427064,0.00024346492583875564,0.00018096868431851355,-0.00013969610452238784,0.00028199299519427064,5.830274293409203e-05,-0.00033647219476413943,-0.0005173812178653898,0.00028199299519427064,-0.0003202634793356803,-0.0003809786999279068
2021-10-22,0.001886498206328058,0.0020722638124473463,0.003133388332612482,0.0029639615482911406,0.002529606904423143,0.0020722638124473463,0.0037989005168632462,0.003051578607397762,0.0031944119757358756,0.0020722638124473463,0.003989296539069036,0.0030572127771623385
2021-10-25,0.0017564497753631916,0.0022272097210151182,0.001496280589470556,0.0014914216965194007,0.0019254672869562543,0.0022272097210151182,0.0014247447808042543,0.0013314767954568367,0.0015514492830834565,0.0022272097210151182,0.001123904756280967,0.0011235060761457711
2021-10-26,0.0007511143905037664,0.0005922463100795293,0.0009832952917837663,0.0007955467460776001,0.0009963280847765336,0.0005922463100795293,0.0018344724832499563,0.0008370842967184336,0.0009021561063409842,0.0005922463100795293,0.0016821420739953138,0.0006542930395806632
2021-10-27,-0.0018249006385756912,-0.002761818720794014,-0.0026026335515262388,-0.0025294084858972386,-0.001918553640637484,-0.002761818720794014,-0.0027823399183590503,-0.002748287338006756,-0.0024105492032890316,-0.002761818720794014,-0.00197079931136098,-0.0028017570157021793
2021-10-28,-0.0018636913400758859,-0.0014578769331761807,-0.0012364716845602718,-0.0011264603575631103,-0.0019824709612773317,-0.0014578769331761807,-0.0014805113425485528,-0.0010439957876202067,-0.0018520274113479542,-0.0014578769331761807,-0.0022174960203472068,-0.0008483077789061311
2021-10-29,-0.006273908799214749,-0.008466004271512624,-0.00432394529642928,-0.00415630125963404,-0.00804169737100638,-0.008466004271512624,-0.004430163476595082,-0.004197692893060515,-0.008251446616719647,-0.008466004271512624,-0.005082400321418344,-0.0037354790969611764
2021-11-01,0.0062605947931501345,0.004766178168946378,0.005964364216542047,0.005784706098062522,0.007244449146882471,0.004766178168946378,0.0064554570116439605,0.005496544117785,0.007317030905403241,0.004766178168946378,0.0075312340240210884,0.005176744483463487
2021-11-02,-0.0007424081900117242,-0.0005202947551604893,0.0006113750049368122,0.0006704208553769364,-0.0012366735350374614,-0.0005202947551604893,8.08004909640849e-05,0.0005190998620651479,-0.0008052881717145167,-0.0005202947551604893,-0.0005469161505389764,0.0011026793488491326
2021-11-03,0.00563309468238953,0.005313208674481615,0.005266487702575407,0.0050850172628668965,0.007086067897175171,0.005313208674481615,0.005907670421561696,0.005161193392485325,0.007694358018074386,0.005313208674481615,0.0072969287896429555,0.004723899449592469
2021-11-04,0.00239131427477107,0.0037398830193106814,0.002526075596424772,0.0020515213273442257,0.00432061968212017,0.0037398830193106814,0.004428802859885352,0.002136774474072428,0.00510876247226658,0.0037398830193106814,0.006055096373457145,0.0016655568727851817
2021-11-05,0.005356359951922125,0.0052071131190986894,0.006274565832621717,0.006251627845415971,0.005887049582016979,0.0052071131190986894,0.006427118464232409,0.006341699513809791,0.006283370589764969,0.0052071131190986894,0.005510521373687055,0.0062914387741206295
2021-11-08,0.0019757181259424873,0.0023143452476034007,0.002471490189871752,0.002636962449513142,0.0014258665960603493,0.0023143452476034007,0.0017400476151241682,0.0025476341463149107,0.0010982190193908933,0.0023143452476034007,0.00039657693012790947,0.0027123441918195626
2021-11-09,-0.0006026935655299262,0.00039538080451815796,-0.0002992475980881593,-0.00038299784412587195,-0.0004428195929901365,0.00039538080451815796,0.00035277744525690944,-0.00010192845375418697,0.00016400801674329798,0.00039538080451815796,0.0006091603508674813,-9.213986352758994e-05
2021-11-10,-0.0004859830138735946,-0.0016250047959158935,2.420739699860312e-05,0.0002316167737100148,-0.0008472685597291463,-0.0016250047959158935,-0.0008790262454479642,0.00023168327126813976,-0.000771209572641524,-0.0016250047959158935,-0.0016599934155648122,0.0005649557407802066
2021-11-11,-0.0020620496036119636,-0.0007602297054244878,0.00017249602813964538,5.4805379407471154e-05,-0.0012198816807455534,-0.0007602297054244878,0.0009703978389280724,0.0006418634638249882,7.547107535993857e-05,-0.0007602297054244878,-0.0008897962931543561,0.00057775556545363
2021-11-12,0.003737498286425689,0.005932156798240946,0.0034242484106669266,0.003080237673906917,0.0057072712704228186,0.005932156798240946,0.005109185008277033,0.0036017449197210147,0.006796453524427718,0.005932156798240946,0.005921442822584309,0.0031346322945906596
2021-11-15,0.002040487726392145,0.0018834497281916608,0.0012944140125479532,0.0011950211267133123,0.002141124921863822,0.0018834497281916608,0.0017600736439030726,0.0010777284279413358,0.0015892969008410108,0.0018834497281916608,0.0020143760829135627,0.0008375297236098942
2021-11-16,-0.0030548416562550676,-0.0029429605629781815,-0.001976817477027777,-0.0020576556421644412,-0.0034529402215203496,-0.0029429605629781815,-0.0015793303784713498,-0.0019270871555226894,-0.0033225301476164032,-0.0029429605629781815,-0.00243564732943064,-0.0017520678035110814
2021-11-17,0.0006190493405051824,0.0005027017879990318,0.002555014440170083,0.002403240126411182,0.001147469463303885,0.0005027017879990318,0.0031720696287325465,0.0024732431150827137,0.002434614222480613,0.0005027017879990318,0.004194286024859936,0.0025990065195319735
2021-11-18,0.0018686269915945827,0.0018649786061800363,0.001990607540533866,0.0020730683631392096,0.001807770045713274,0.0018649786061800363,0.0013462681511458435,0.0016522281134010008,0.0015286026587034694,0.0018649786061800363,0.0009069488481502075,0.0016917827347360062
2021-11-19,0.0010539686095593034,0.0005702018339123739,0.0011998043296996175,0.001061335707901058,0.0015224241417355919,0.0005702018339123739,0.0016183819152962749,0.0007943142066727465,0.0012262914762383754,0.0005702018339123739,0.0020768258669332912,0.00050886633448785
2021-11-22,-0.0014114782558139773,-0.0023765258193637253,-0.0015577368256154951,-0.0013163927352547327,-0.0023994508582902817,-0.0023765258193637253,-0.0024083718559948213,-0.0012657711894642004,-0.0023837445635524197,-0.0023765258193637253,-0.001763894988721495,-0.0008165966790053873
2021-11-23,-0.0019037030230965846,-0.0015131501425093817,-0.0045816129300034324,-0.004743174611042695,-0.0003034118689939887,-0.0015131501425093817,-0.004350714719263254,-0.004899880203987697,-0.0007934786315242656,-0.0015131501425093817,-0.001858336455168805,-0.005667008744115089
2021-11-24,-0.0009853445503867422,-0.001396648368018696,-0.0007333038015787585,-0.0005517178375423858,-0.0019330851210781887,-0.001396648368018696,-0.0015938658194569152,-0.0005159485712646248,-0.0020058911376874505,-0.001396648368018696,-0.0014196571211570672,-0.0002194469208294959
2021-11-25,0.0020704800458998937,0.0020308595179938218,0.0027271213730157215,0.0024224748508206934,0.0031123182846159855,0.0020308595179938218,0.003874951696566075,0.0023691572441579627,0.003595010147309499,0.0020308595179938218,0.0045729026308724266,0.0021395777288454247
2021-11-26,-0.004727338113563647,-0.007962984663730535,-0.003445256932876692,-0.002449119714558089,-0.00891035110728399,-0.007962984663730535,-0.007915920479150549,-0.003054861042708325,-0.010023846903940469,-0.007962984663730535,-0.010441524932368421,-0.0015610723460585839
2021-11-29,-0.0024961920423935448,-0.004494322234014737,-0.0026279764747727313,-0.002118132364851898,-0.004403298266678592,-0.004494322234014737,-0.0046308804578861626,-0.0023143635523771734,-0.005112189279246125,-0.004494322234014737,-0.005439059292383248,-0.0018447266099525042
2021-11-30,0.0022555827953296133,0.0032435868090342898,0.0018651329949369304,0.0016323999491925745,0.0033926864752305734,0.0032435868090342898,0.002783711520311172,0.0015955776597727377,0.0038766347288974857,0.0032435868090342898,0.004011744158456613,0.001246305999483573
2021-12-01,-0.004766560862884807,-0.005214500833233093,-0.00589281361052926,-0.005524234865871455,-0.006423256521029864,-0.005214500833233093,-0.007365504819130938,-0.005315854103155069,-0.007071077598245975,-0.005214500833233093,-0.008189647601951474,-0.004762299764933138
2021-12-02,-0.0018453627390367792,-0.0019097735524638952,-0.002560350505628242,-0.002048303291472,-0.0029846025477395202,-0.0019097735524638952,-0.004859586306443859,-0.0018643249670886124,-0.0030247126938705692,-0.0019097735524638952,-0.005541026866268426,-0.0012944569389257213
2021-12-03,0.003968997755282771,0.0027099960365401855,0.004932523246240284,0.004812978241695717,0.00439790712016773,0.0027099960365401855,0.005530002253828139,0.004887245488321584,0.00473907625942229,0.0027099960365401855,0.006118257266324459,0.004823032312426116
2021-12-06,0.0019768428119052877,0.0018389800896710248,0.0023669734048591263,0.0025628227244047517,0.0019553508720806137,0.0018389800896710248,0.0012262904877333885,0.002377697909431011,0.00199070232104479,0.0018389800896710248,0.000424906803215595,0.002605259060066242
2021-12-07,0.0024554150953912243,0.003766865362102498,0.0021493816544091797,0.0015212826260044415,0.004469295819345649,0.003766865362102498,0.004782602848782931,0.0014306170433767394,0.004582142156538488,0.003766865362102498,0.006571693521886686,0.000468318967069838
2021-12-08,0.007330708666670257,0.009080087135915384,0.007599976129178129,0.006762848969160968,0.01019956266970092,0.009080087135915384,0.011435662688329722,0.007057133723776722,0.010823556859109193,0.009080087135915384,0.012569384900056333,0.00583897060903829
2021-12-09,-0.0022682801962560215,-0.0013841989526091985,-0.0026446522039597796,-0.0026783595712125967,-0.0026788523989799153,-0.0013841989526091985,-0.002567997022170185,-0.002703728887089282,-0.002882983639504345,-0.0013841989526091985,-0.002313015108093446,-0.0026391551262829093
2021-12-10,-0.001961375039371423,-0.0022488932463461666,-0.0020700050242665143,-0.0018679710690298046,-0.0026809003096848086,-0.0022488932463461666,-0.0029897515901339947,-0.001920391052639459,-0.002728986142118422,-0.0022488932463461666,-0.002967779458005501,-0.0017315835542504288
2021-12-13,0.004058547637327076,0.005729359619520121,0.004136876779704432,0.003738222593822121,0.0053165952786005215,0.005729359619520121,0.005611989726356759,0.003584879283611806,0.005509736923850501,0.005729359619520121,0.006529892377841848,0.0030354644032091517
2021-12-14,0.0004706214741058684,-4.8237813905791064e-05,-8.901193593649193e-05,0.000393958010996485,-0.0005706404180942743,-4.8237813905791064e-05,-0.0026243566939353593,-0.00023586457476316771,-0.0011387206733461325,-4.8237813905791064e-05,-0.0029137430564809583,5.0087306644442745e-05
2021-12-15,-0.005579374520589761,-0.0065370516695957125,-0.0056357615797390315,-0.005392139410719274,-0.007088072683101591,-0.0065370516695957125,-0.006444914813800441,-0.005058388433831865,-0.007354567456895011,-0.0065370516695957125,-0.006838517482688949,-0.004585630854998068
2021-12-16,0.0024579138895553018,0.0021471350021636166,0.004612510253632009,0.00414895234569201,0.0028273146394789347,0.0021471350021636166,0.006466925065468321,0.003671578438796862,0.002407856238519509,0.0021471350021636166,0.0064476077167839,0.003019639314278788
2021-12-17,-0.001861176619490579,-0.00027561567026667576,-0.0032863765953123807,-0.00293487530478496,-0.0025273643313954673,-0.00027561567026667576,-0.00485450701009724,-0.0030171296130061453,-0.0032630529115149683,-0.00027561567026667576,-0.006214939505557748,-0.002941997128528837
2021-12-20,-0.003347423947390844,-0.004875918007358617,-0.004788983841512324,-0.004048840698513374,-0.005378215421155334,-0.004875918007358617,-0.008389598992093324,-0.004488997135624487,-0.006391827848163144,-0.004875918007358617,-0.009875244001440464,-0.003681162881576238
2021-12-21,0.0018172104041897033,0.0020052312291051087,0.0013216802865133545,0.000977416935120511,0.0036698946981241305,0.0020052312291051087,0.0031156353903613637,0.001336844666895044,0.004239893641404062,0.0020052312291051087,0.004274316260277642,0.0007678778803014023
2021-12-22,0.0016673320939176502,0.0008001694397267015,0.0024323675227737084,0.0021257963405195385,0.002300644787056841,0.0008001694397267015,0.00395536109548624,0.002316506871169361,0.0028023326881567385,0.0008001694397267015,0.004290348031507663,0.0021459895021992913
2021-12-23,0.0032528317074299,0.004840153364335637,0.0037516343042850856,0.003308294265630961,0.004065718953511924,0.004840153364335637,0.005721326069449617,0.003360890794513653,0.004053358761199748,0.004840153364335637,0.00583533022883247,0.0028308441161144123
2021-12-24,0.002591638509123616,0.003497279055997389,0.0025161192355734182,0.002202407855291536,0.003624679434863024,0.003497279055997389,0.0037081992149635063,0.0021299460179169754,0.0036952147163507743,0.003497279055997389,0.004093511658591904,0.0015826722367970492
2021-12-29,0.006810121486288379,0.008327013906748915,0.006520760045288862,0.00593716067281615,0.00951085723966241,0.008327013906748915,0.008883123889126097,0.005919481123222914,0.0103491126494884,0.008327013906748915,0.011213240538650289,0.004957471009819864
2021-12-30,-0.0016744757597879467,-0.00013909047087423983,-0.0022671451537680273,-0.0025034334047316247,-0.0007696919605677628,-0.00013909047087423983,-0.0015314661320570658,-0.002634058620315682,-0.0008166976379635058,-0.00013909047087423983,-0.0007965293225431694,-0.003102295328253863
2021-12-31,-0.002475578023280206,-0.0014939633927701177,-0.0010354661057877658,-0.0009066125912435073,-0.0034131119190238942,-0.0014939633927701177,-0.001291596607497167,-0.0005460805025963945,-0.0028715874620122445,-0.0014939633927701177,-0.0023614923988965622,2.611016994512907e-06
2022-01-04,0.006438499961761227,0.009077884242574209,0.005177359233346906,0.004364492760871701,0.011619207295843698,0.009077884242574209,0.008833650500354005,0.004986775373232753,0.013641473112397245,0.009077884242574209,0.012061548798481578,0.0035818731291175293
2022-01-05,-0.003765607705877081,-0.004662221579473372,-0.003821235589555623,-0.003574677890186525,-0.005181230489797252,-0.004662221579473372,-0.004787617302779974,-0.003800737063484897,-0.006452307919461491,-0.004662221579473372,-0.006471077999797163,-0.003796820790699623
2022-01-06,-0.01270459367329774,-0.016701866422554952,-0.010901078784154835,-0.009888326094763932,-0.01721787434493766,-0.016701866422554952,-0.014929144880900393,-0.009703255628230057,-0.017839059233589263,-0.016701866422554952,-0.01823777121662675,-0.00800205727675693
2022-01-07,0.005045308387334868,0.006410003263887058,0.00418574759876911,0.003789031375515131,0.007360584701873383,0.006410003263887058,0.005809840918292278,0.004131427938114746,0.00817648609100982,0.006410003263887058,0.007585798263123401,0.0034910925004323595
2022-01-10,-0.002794725216506622,-0.0013589281942406294,-0.003351772928636202,-0.003384007720445618,-0.0026719812028045448,-0.0013589281942406294,-0.0029551209789860124,-0.003076989391728561,-0.0026299112916378002,-0.0013589281942406294,-0.0030457378123405474,-0.0032887414415589855
2022-01-11,-0.0023128538935329613,-0.0034173015391434467,-0.0013436008349125435,-0.0010356947024084287,-0.003792322540322885,-0.0034173015391434467,-0.002364078164994726,-0.000825287306525631,-0.003799499287150646,-0.0034173015391434467,-0.004153725145038943,-0.0002073090947610933
2022-01-12,0.00455528109978855,0.005506094733929306,0.005125395684442901,0.004775230197777599,0.005710754385741114,0.005506094733929306,0.00693438823775932,0.005119715927508055,0.0063070878227493785,0.005506094733929306,0.007036727110666226,0.004709797398349696
2022-01-13,-0.0003092751780188804,0.0005210615147788824,-0.0017194239507563249,-0.0017256752075831255,-0.0002596336474501972,0.0005210615147788824,-0.0013560615685895218,-0.0015928644349577359,-0.0010422776824902226,0.0005210615147788824,-0.0017866993745967502,-0.0019803126985127183
2022-01-14,-0.004220042858476857,-0.005506716375884139,-0.004335532990927549,-0.003618375451354701,-0.007319564203526808,-0.005506716375884139,-0.007449495214700409,-0.003992369296546554,-0.008466952719906233,-0.005506716375884139,-0.008673329314777663,-0.003169704429523854
2022-01-17,-0.00011562170557049462,0.001483287000141259,0.0005180789108002207,9.11653931491632e-05,0.0025441455339010014,0.001483287000141259,0.002575521964679785,0.0008206778514064727,0.004433458890635295,0.001483287000141259,0.0034661149380411046,0.0003186669691368186
2022-01-18,-0.0014734180939342386,-0.0009915455726577631,-0.0012515829160619186,-0.0013384877591465416,-0.0008881411034669171,-0.0009915455726577631,-0.0009906962166449638,-0.0013295100532946078,-0.0004713757192072086,-0.0009915455726577631,-0.0006061914940826364,-0.0014278397721302495
2022-01-19,-0.008254144418289809,-0.008648879606139278,-0.00958723744845462,-0.008960341637735908,-0.010695627507300291,-0.008648879606139278,-0.012606754804977966,-0.00946803656588565,-0.0120473634142529,-0.008648879606139278,-0.013763601615219147,-0.00883941665180653
2022-01-20,0.0007761909538445075,0.0026497930798505646,0.0011732532649442262,0.001087741215717656,0.0008932362463463344,0.0026497930798505646,0.002041166522763227,0.0016249466654003658,0.0011552269911936936,0.0026497930798505646,0.0003628927192546808,0.001534703879757007
2022-01-21,-0.007647592322305201,-0.01141462556562641,-0.006777747390555095,-0.005600839843422346,-0.013398039125217717,-0.01141462556562641,-0.012222974805466642,-0.006194572807814728,-0.01506124092092066,-0.01141462556562641,-0.015573805267027794,-0.0041030556366067105
2022-01-24,-0.0035706158450238964,-0.0032362001530589607,-0.0034094976325276236,-0.0032343060080746687,-0.004046665769215628,-0.0032362001530589607,-0.004708721657111498,-0.0035724221959402185,-0.004095514475578731,-0.0032362001530589607,-0.004750411733205149,-0.0031596593707342324
2022-01-25,-0.011288208033813753,-0.016301357341344497,-0.009618087505496472,-0.008466569146207734,-0.016722705037848288,-0.016301357341344497,-0.014666835554136181,-0.008872351378541232,-0.018311279336123774,-0.016301357341344497,-0.019190787679566754,-0.006912853206856616
2022-01-27,-0.010363248449099322,-0.014038552488565049,-0.009649340987749212,-0.009028012013230413,-0.013443182263481658,-0.014038552488565049,-0.012438483410197652,-0.009204261448572506,-0.01460037375289709,-0.014038552488565049,-0.013763303221409779,-0.008520498909361686
2022-01-28,0.011175119219728058,0.012850284446022677,0.010317212528626964,0.009523743763568442,0.01576821572514394,0.012850284446022677,0.013648125865768081,0.009922976293518645,0.017375884997716674,0.012850284446022677,0.017340310962219108,0.008579603733627136
2022-01-31,0.005615930308800945,0.006506339640412121,0.008166565112454319,0.007416634432132363,0.007562379179425606,0.006506339640412121,0.01126161182142655,0.007518344774835992,0.00945788213998281,0.006506339640412121,0.01411010781524878,0.007150530787766493
2022-02-01,0.005120938177560206,0.00791737893933373,0.00580731734939097,0.005230590671855739,0.007045819620562055,0.00791737893933373,0.008852022794329286,0.005713049056406643,0.008238148095171115,0.00791737893933373,0.009960905537809605,0.005056791554448936
2022-02-02,0.005820072452301507,0.006733311614179733,0.005405052537106375,0.00484343547516425,0.008059006550897954,0.006733311614179733,0.008366177396131378,0.005015250095690691,0.008125428357925707,0.006733311614179733,0.009548476296015256,0.003874619342916307
2022-02-03,-0.0016521180435457021,-0.003592095715479966,-0.001901747743917624,-0.0015080571825711482,-0.0032889125337069057,-0.003592095715479966,-0.004059504355564361,-0.0018415488222096514,-0.0045114592771402316,-0.003592095715479966,-0.005942932718822819,-0.0014470700195541883
2022-02-04,-0.002691680142508689,-0.001265631450943189,-0.004245123258910902,-0.004419664668076197,-0.0012062494399775454,-0.001265631450943189,-0.0033300816118933584,-0.004368416336391078,-0.0013414793559855696,-0.001265631450943189,-0.0030478204833029625,-0.0050010082631624575
2022-02-07,-0.0010028268946562938,0.00020694318163261242,-6.716779856764445e-05,-0.00013553417097688153,6.329419161480269e-05,0.00020694318163261242,0.00048756298290078846,0.00042509453524398416,0.0013110442994285947,0.00020694318163261242,0.00017125062812647652,0.00022090845822965942
2022-02-08,-0.00013316868906789223,0.0022925204511205933,-0.0018152132767612912,-0.0020819525391457343,0.0017959297363525507,0.0022925204511205933,-0.0003682284234526188,-0.0021045682414836237,0.0013366113589487073,0.0022925204511205933,0.00015246153606609326,-0.0031775627014772275
2022-02-09,0.004892204958047356,0.00687345282338868,0.004447431361434798,0.003910181046625707,0.00737370514464106,0.00687345282338868,0.007104190191722777,0.004264369134963806,0.008240641595726862,0.00687345282338868,0.00820635212057014,0.0035565172632260325
2022-02-10,0.003448111276086577,0.004083181578224935,0.003940258362788341,0.003695962592189204,0.00416344315459672,0.004083181578224935,0.005263471163519837,0.0038963251833103534,0.004456373950690049,0.004083181578224935,0.005701675366329774,0.003509119804975145
2022-02-11,-0.010183062285284294,-0.010869119843663838,-0.010476072396977098,-0.009949440239249815,-0.011502125942421877,-0.010869119843663838,-0.012513233915345957,-0.009435723096929137,-0.01150089751728582,-0.010869119843663838,-0.014568527370614546,-0.008786720731853185
2022-02-14,0.0005975634922196271,-0.0008633853960383665,-0.00010963250876094448,0.0004478081897049918,-0.0015085058833893984,-0.0008633853960383665,-0.003150131481060047,-0.00033585099102867796,-0.003638661883725801,-0.0008633853960383665,-0.006039497726384683,-3.869734688555819e-05
2022-02-15,-0.003995192849295629,-0.0017004852861792214,-0.0038135704869919755,-0.0037369142734223386,-0.004044888154568306,-0.0017004852861792214,-0.004337054221256701,-0.003857272404619997,-0.003949159257075524,-0.0017004852861792214,-0.0059117826569181535,-0.003653738751906191
2022-02-16,0.006152154638538665,0.008889041098940028,0.005129627919344602,0.004262318903962013,0.009897068235943083,0.008889041098940028,0.009054141790561052,0.0045089595351123285,0.011426724977974902,0.008889041098940028,0.013647811956031462,0.003473825838059595
2022-02-17,-4.403968182378201e-05,0.00039207712217507237,-0.0005712098981255162,-0.00038810804091356227,-0.0007483823491838108,0.00039207712217507237,-0.0014151123659512346,-0.0005563543863791414,-0.001344627873680621,0.00039207712217507237,-0.002921618664213804,-0.00028406579326718107
2022-02-18,-0.004765109589075265,-0.0037665127189289195,-0.004382986510012669,-0.004051944277112878,-0.0065489731597465975,-0.0037665127189289195,-0.005639898215355522,-0.004142297734243803,-0.007027454064053375,-0.0037665127189289195,-0.007040455789575235,-0.0037421624758433797
2022-02-21,-0.0021592395389017833,-0.0031712299827453398,-0.003697190898979341,-0.003270980260989895,-0.0035824474304640853,-0.0031712299827453398,-0.0059367746183909345,-0.0038351662560667447,-0.005092606393122543,-0.0031712299827453398,-0.0070943406407792346,-0.003635284162236204
2022-02-22,-0.008401785270678374,-0.011670240711589216,-0.009576043020495374,-0.00842223099723267,-0.012856863928524195,-0.011670240711589216,-0.015219773136958627,-0.0093446869770528,-0.015338409580259227,-0.011670240711589216,-0.019239124219925352,-0.007852248260807151
2022-02-23,0.002971164542220403,0.004338913298399256,0.0031887190429200642,0.002559715735943582,0.005451522758202842,0.004338913298399256,0.006779421663282374,0.0032987215823959554,0.006766139706880602,0.004338913298399256,0.008769142802431268,0.0023492525622261845
2022-02-24,-0.013912748593108109,-0.016517326304312508,-0.014517360356790509,-0.012681703331808705,-0.021534170828447257,-0.016517326304312508,-0.023707647483687484,-0.014060846099591708,-0.024959747215455377,-0.016517326304312508,-0.030439353796079597,-0.011744110153276147
2022-02-25,0.0049585769549794064,0.004939356421946492,0.006952398360979786,0.005878599870443143,0.00833225980049091,0.004939356421946492,0.011661659484299909,0.005968892145770058,0.009962364214415266,0.004939356421946492,0.015391106866697094,0.004995615436954106
2022-02-28,0.00412623604882539,0.0028509885719342973,0.00322880616315589,0.0032504454417883314,0.004002512377285844,0.0028509885719342973,0.0029238225118909038,0.002809549600685325,0.0030246344274378226,0.0028509885719342973,0.0032525856558720135,0.0024859302303908417
2022-03-01,0.006091009703259274,0.007940259040055674,0.006635691974022258,0.005973820058921812,0.00813033416399545,0.007940259040055674,0.009978021938338548,0.00661297399616719,0.00936605204223827,0.007940259040055674,0.012269686773466352,0.005909160778909701
2022-03-02,-0.0013937044354297567,-0.0033238305829223513,-0.0036685003817784117,-0.0026767576644619972,-0.004223703558769949,-0.0033238305829223513,-0.007518713891210143,-0.0034586500787543214,-0.00665897039987225,-0.0033238305829223513,-0.011124567091512898,-0.0030131188705059433
2022-03-03,0.002285384304202051,0.003001966272133467,0.002312368123531663,0.0015024240252111618,0.0054796548749671695,0.003001966272133467,0.005790371895700773,0.0019874966980919927,0.006215400492358145,0.003001966272133467,0.0073076674438332205,0.0007240689488471076
2022-03-04,-0.009011894047818733,-0.01080918444030135,-0.011084065815350092,-0.009840905799865662,-0.013921368941846524,-0.01080918444030135,-0.016005076034514013,-0.010935329054749714,-0.01699394804279992,-0.01080918444030135,-0.019786840762912608,-0.00987320020503468
2022-03-07,-0.00821174510625915,-0.009392550560435555,-0.009157729254494765,-0.007942540326178289,-0.013265284489495677,-0.009392550560435555,-0.013983680883608674,-0.009226815031496546,-0.01688206002196803,-0.009392550560435555,-0.019778473890747807,-0.0085103180712214
2022-03-08,-0.006301251482723916,-0.0065872843092286085,-0.005636435861595948,-0.005405482037944008,-0.00639112215611561,-0.0065872843092286085,-0.007286207945874221,-0.005475883444708833,-0.005962710272425239,-0.0065872843092286085,-0.008264042467143266,-0.005027003298109394
2022-03-09,0.005084297735354132,0.009871236721635767,0.0065465190739837234,0.005812420968669317,0.008815845575615024,0.009871236721635767,0.00973939097072868,0.00640100861796783,0.010401296619943922,0.009871236721635767,0.008424578266195193,0.005290941586379198
2022-03-10,0.005475563048120201,0.00711166854037157,0.0043342929823972295,0.0030104878660966237,0.010484679092683255,0.00711166854037157,0.009747490661059826,0.003737945665872839,0.012770212381992859,0.00711166854037157,0.0174339887963949,0.002311641937757356
2022-03-11,-0.007352815588779497,-0.009710900842637126,-0.007439877237911675,-0.006858441823800736,-0.010099454561727455,-0.009710900842637126,-0.009773127783230652,-0.0074713553434825174,-0.012016827668232226,-0.009710900842637126,-0.012685176391740497,-0.0071943432744178675
2022-03-14,0.003979477859995648,0.0044758055151129985,0.0035194179978963506,0.003030361105367856,0.0070546985844707815,0.0044758055151129985,0.005079004037145217,0.003316434595984935,0.008105070810103716,0.0044758055151129985,0.0066717030627123745,0.002562594982269253
2022-03-15,-0.004936525329976037,-0.0068588327105380455,-0.00478317288245858,-0.004695334741098712,-0.005252740934085177,-0.0068588327105380455,-0.006359640654894831,-0.005285442930594039,-0.0056297203301875634,-0.0068588327105380455,-0.005296602948057373,-0.005249877429913147
2022-03-16,0.005887680827483811,0.004774061579119598,0.005633619943701859,0.005050254569036615,0.007965556362792588,0.004774061579119598,0.007891769116833735,0.005199047932937388,0.008421228351864384,0.004774061579119598,0.009837884857561485,0.004526166854620306
2022-03-17,0.009017727022936137,0.014186419132437419,0.009817998320629077,0.008745562482896905,0.012618716274705757,0.014186419132437419,0.015788712306788914,0.010316587719830154,0.015132798372450355,0.014186419132437419,0.018293805566639752,0.00952656756827226
2022-03-18,-0.0004393359267563685,-0.0006090725708715474,-0.000986220196709511,-0.0011506380417433762,-0.00016082632651160162,-0.0006090725708715474,-8.941105051053101e-05,-0.001416888854075106,-0.000955215270612115,-0.0006090725708715474,0.00021057620700349507,-0.0019886523775028224
2022-03-21,0.003330900478794955,0.003839498454088897,0.004537010660502833,0.003953141296904952,0.004692174183241388,0.003839498454088897,0.007116376333516665,0.004401748764017812,0.005620273578588118,0.003839498454088897,0.008705142270781462,0.003966757296385662
2022-03-22,-0.0013351229392470053,0.0005375908155376302,-0.0017818649688366198,-0.0023007479269731546,0.001765306896483935,0.0005375908155376302,0.0006390026955916923,-0.0018126562419456705,0.0024533987063210016,0.0005375908155376302,0.0005354009366485556,-0.002878118504093056
2022-03-23,0.0036091218490861272,0.0051007762300383655,0.0038458136492739987,0.0030923777529061353,0.005844890068472321,0.0051007762300383655,0.007401314379740154,0.003660967185356992,0.006948337750597495,0.0051007762300383655,0.00986562512660134,0.002979876871029889
2022-03-24,-0.0014208024994743264,-0.000912058916292389,-0.003099439296235184,-0.002421274745017641,-0.0033007263417401318,-0.000912058916292389,-0.005452395658528058,-0.0027023441525069387,-0.0045580458924447745,-0.000912058916292389,-0.007240639467737471,-0.0023592484812083813
2022-03-25,0.002413949644252741,0.0028325417504626842,0.0033637285581340054,0.0029003713776395473,0.0034186435560942525,0.0028325417504626842,0.0048463719314021745,0.002509794370856622,0.002937077428133395,0.0028325417504626842,0.004550603262546011,0.0017674651398782754
2022-03-28,-0.0042970235118889605,-0.004268183561648489,-0.004954967745915806,-0.005128600025803019,-0.0032912315576666762,-0.004268183561648489,-0.0038977691484018695,-0.004852833307185884,-0.003227952314731646,-0.004268183561648489,-0.0035625144039621017,-0.0053591923329201685
2022-03-29,0.004939724825349616,0.005454790431360241,0.005545296051532837,0.0048460043975623165,0.007757807856876848,0.005454790431360241,0.008240219325512593,0.005375473934056507,0.009369403736673698,0.005454790431360241,0.011190680409063162,0.004796449260117237
2022-03-30,0.005725960070700382,0.005887108653967242,0.005345814500066728,0.005230638917447988,0.006108545531746735,0.005887108653967242,0.0058373625876935184,0.005316879078279937,0.006328587168794027,0.005887108653967242,0.006534661645910572,0.00537262603995006
2022-03-31,0.0005642642168163394,0.0005586263430488674,0.0014314456103730023,0.0014084114041993587,0.0006437215150821879,0.0005586263430488674,0.0013799244326553543,0.001625094360013185,0.0010389156735583838,0.0005586263430488674,0.0012545167272259357,0.0015005824467533096
2022-04-01,-0.003837028080669055,-0.0029326906603268977,-0.005273542313034078,-0.004248948798762188,-0.004876466263825668,-0.0029326906603268977,-0.00672385686579904,-0.004379281604181906,-0.005687167521111581,-0.0029326906603268977,-0.007705443361062222,-0.0041281783819354795
2022-04-04,0.0003997728286114075,0.0027126438632409477,-0.0005916165765941782,-0.001456802848725281,0.0017075954126509931,0.0027126438632409477,0.0005902109373611548,-0.0011091188376314133,0.0026150359181569853,0.0027126438632409477,0.0021699345354077933,-0.0013831683259561051
2022-04-05,-0.000715151638965203,0.00023087771532623072,-0.0013104396792721423,-0.0014452159826682503,-0.0009648813932670981,0.00023087771532623072,-0.0006226772821053845,-0.001268872378788045,-0.0017036257548158126,0.00023087771532623072,-0.0007697111885817305,-0.0012971174925707732
2022-04-06,-0.006468829298529816,-0.007456304649644179,-0.006602553637308745,-0.006324220961660316,-0.006943609435239626,-0.007456304649644179,-0.007494806192634547,-0.0066414216624249645,-0.007614473252823318,-0.007456304649644179,-0.007803750577262916,-0.0067373587207102395
2022-04-07,-0.002306324558890219,-0.003252208183571179,-0.0026056247865606156,-0.0015367431256664795,-0.003787030538811199,-0.003252208183571179,-0.0051520189162269385,-0.0019201751805849132,-0.004089197389520288,-0.003252208183571179,-0.005906300482046916,-0.0015264167821944662
2022-04-08,0.00245948254050069,0.0027787790166066352,0.004022362468835881,0.0031424386296970423,0.004153463730167201,0.0027787790166066352,0.005737388623157679,0.0034098931343576203,0.004770536409271536,0.0027787790166066352,0.006238778184863635,0.002972548787641824
2022-04-11,-0.0028333995928865167,-0.0026437999652410096,-0.0036201516850176744,-0.003436593254278003,-0.002645177959728353,-0.0026437999652410096,-0.004360885833947935,-0.0037618015134057254,-0.0030954954681896977,-0.0026437999652410096,-0.004996219189849456,-0.003910951325262128
2022-04-12,-0.005824880247682096,-0.0053903437056651024,-0.006359060413861436,-0.005607655808270523,-0.00666390936675581,-0.0053903437056651024,-0.008195937691408991,-0.005669229816479252,-0.0068569402127840965,-0.0053903437056651024,-0.00962858375863518,-0.005475170203239449
2022-04-13,0.004098143613083081,0.005071021355770325,0.0051351668301956865,0.004625788906679469,0.004616238467087134,0.005071021355770325,0.006307146197931401,0.004951663230775473,0.005094148720992237,0.005071021355770325,0.006381127740370072,0.004726750611336286
2022-04-14,0.004970018411015847,0.003909181903688015,0.0043980869778521255,0.0043261979175981445,0.005187302596187046,0.003909181903688015,0.004741432270015077,0.0041907428777493315,0.0051375403488242224,0.003909181903688015,0.004965657011740486,0.004196580544313172
2022-04-19,-0.002539402304893161,-0.0008266441404447088,-0.002805635446493091,-0.003310768239785449,-0.0003416894419022079,-0.0008266441404447088,-0.0024825213714638745,-0.0032957743099746597,0.00010968743187553732,-0.0008266441404447088,-0.001307753770007971,-0.003965418790287788
2022-04-20,-0.0013842535316019532,-0.003274760009157377,-0.0019539511361972815,-0.002642124169196645,-0.0008815141934315442,-0.003274760009157377,-0.0005072227057715923,-0.002730825805102684,-0.0012327575292867868,-0.003274760009157377,0.0008456756459878917,-0.0028633561238378424
2022-04-21,0.0034260319349890553,0.005015576273652221,0.004253002638043238,0.003701123123758871,0.004406454348007828,0.005015576273652221,0.0054119827541807925,0.0037451573994759595,0.004408092787500765,0.005015576273652221,0.0059527419457093625,0.0034823762332781096
2022-04-22,-0.008139678364524857,-0.00887277198531377,-0.00782631078320976,-0.006470643083344601,-0.010111375497531943,-0.00887277198531377,-0.010607925526394677,-0.006812917120644369,-0.009992104878156556,-0.00887277198531377,-0.012537089952713782,-0.006158189564321444
2022-04-26,-0.00823005707362169,-0.012510613569463135,-0.008909224265043833,-0.006639313537968191,-0.011789429356140529,-0.012510613569463135,-0.012681607136419444,-0.007173268249494168,-0.012137318114484211,-0.012510613569463135,-0.013400007651837615,-0.005941124161502563
2022-04-27,-0.007395876751269268,-0.007330640948612354,-0.010070265619267622,-0.008042147153789526,-0.010025386737844763,-0.007330640948612354,-0.01374616117040277,-0.008491088854819312,-0.01125008549966068,-0.007330640948612354,-0.013749450460397853,-0.00793384347617005
2022-04-28,0.005814929609734982,0.006302457483260186,0.0058791469241253015,0.004773557338824406,0.008964511261527804,0.006302457483260186,0.007006298220168424,0.005265609773154949,0.010825764941244972,0.006302457483260186,0.009854915251861234,0.004759718338573411
2022-04-29,0.004945512355586884,0.009068813457712488,0.006911659895621816,0.004877433366693084,0.008500510620087165,0.009068813457712488,0.010073917383085242,0.005659305150726848,0.010076321801440054,0.009068813457712488,0.01002562039347876,0.004932124638040392
2022-05-02,-0.010975174556997007,-0.013208256412388885,-0.012371959186190913,-0.010107128902844077,-0.013120731811037303,-0.013208256412388885,-0.016120445042436395,-0.010405778714294057,-0.013176880299365134,-0.013208256412388885,-0.015704688605242864,-0.009944253695486417
2022-05-03,-0.004614549703503121,-0.005396580471485983,-0.004719659046155806,-0.004937949247710542,-0.005010842425193054,-0.005396580471485983,-0.0034204355743722072,-0.004696282018975915,-0.005330012837814115,-0.005396580471485983,-0.0022083179949016467,-0.004680727999315453
2022-05-04,-0.001985590089785162,-0.003329678231583379,-0.00011139204937194728,-0.0003508852549400698,-0.0011158657404025949,-0.003329678231583379,0.0007533102427919101,-0.00011275527509424254,-0.0009437673873584981,-0.003329678231583379,0.000543504130741671,-0.00013737487347916557
2022-05-05,0.009343278387994087,0.010610914610083257,0.011063124337297888,0.009128512903947495,0.009695852104291016,0.010610914610083257,0.014310633268137533,0.009010718932136268,0.008806620993512622,0.010610914610083257,0.012900675512164053,0.008474533087227952
2022-05-06,-0.014091791253742495,-0.01887986321002717,-0.01567084403134279,-0.012252728705695388,-0.01819596785640942,-0.01887986321002717,-0.020059514853006655,-0.012990008374480699,-0.01910041305549232,-0.01887986321002717,-0.0211302873363452,-0.0120332492493071
2022-05-09,-0.008760730093796574,-0.013015208361560669,-0.008861480323905825,-0.006585758377400099,-0.011287419472576228,-0.013015208361560669,-0.011935438008130836,-0.0069828214079521445,-0.011928251226435392,-0.013015208361560669,-0.013102772154543191,-0.0063670496062852334
2022-05-10,-0.005339466564238287,-0.006103257833793266,-0.007312250537255472,-0.005061677284904442,-0.008165540826200012,-0.006103257833793266,-0.010335658506489574,-0.005319686167524058,-0.008639866343358903,-0.006103257833793266,-0.011352069261935927,-0.004559278506083425
2022-05-11,0.0024013287057258643,0.0026049767573047998,0.0007935783699573663,0.000956314509967448,0.002838550907557564,0.0026049767573047998,0.00038754858303560193,0.0010133392227368707,0.003174268652507384,0.0026049767573047998,0.002109860439766526,0.0010487832916648108
2022-05-12,-0.006468045956189542,-0.010336334235921067,-0.00718734745114747,-0.0038141698013549907,-0.01153400740923813,-0.010336334235921067,-0.0112964885783295,-0.004566741505190145,-0.013338435919379948,-0.010336334235921067,-0.013890950901847231,-0.0035527224985818177
2022-05-13,0.008552954571068895,0.010646137849766181,0.007986713266569818,0.005942749421677037,0.012516087506145539,0.010646137849766181,0.009848530662276249,0.006338653800068497,0.013797525388641162,0.010646137849766181,0.01315987955612529,0.005620938381057535
2022-05-16,0.003044948043670927,0.003118010201385288,0.0037710809969697745,0.0026487671781709704,0.004172074813219645,0.003118010201385288,0.005154600925295787,0.0028208958776310003,0.004895235229895583,0.003118010201385288,0.00676521613943102,0.0025385610377694936
2022-05-17,-0.0009614359504873097,0.00153725367042215,4.113729058357059e-05,-0.001514268676612698,-8.834923349814656e-05,0.00153725367042215,0.0022396846689788576,-0.0012138897535726334,-0.0004168987942337852,0.00153725367042215,0.0021566527910222093,-0.001798976904618477
2022-05-18,0.0047232234949135254,0.005544764509857681,0.00530395212673977,0.0035234907063582763,0.007250225023503447,0.005544764509857681,0.007465392732509907,0.003850401813082844,0.008076927702813909,0.005544764509857681,0.009085449508465217,0.003381683618289628
2022-05-19,-0.01153626823089747,-0.012861765545347233,-0.01668189134509966,-0.012544079464433226,-0.016668718206830576,-0.012861765545347233,-0.02187337041890945,-0.013429343770024617,-0.018891679035563467,-0.012861765545347233,-0.02439030872775873,-0.012311575809931644
2022-05-20,0.00484542025125618,0.006512188044104152,0.004740416530861032,0.004099603343925383,0.005894793109693798,0.006512188044104152,0.004868855969124414,0.004312498098702454,0.006407346844734943,0.006512188044104152,0.0044640843879580686,0.004058882252716765
2022-05-23,0.0004973575667568989,0.0005554307261821259,0.0007371725878067233,0.00044449101383692535,4.252658541872903e-05,0.0005554307261821259,0.0021252887966528096,0.0004184634667859726,-0.0007732790478668507,0.0005554307261821259,0.0015875336993914798,0.0003394238924619348
2022-05-24,-0.0016179374272464896,-0.002008862208859638,-0.001955524655961032,-0.0013742732863541438,-0.002260824933757156,-0.002008862208859638,-0.0028943305930263074,-0.0016105885852218814,-0.0027001752646825476,-0.002008862208859638,-0.0032218066209907447,-0.0015225153292368584
2022-05-25,0.0039523025923313216,0.002668444834371388,0.004441404911660516,0.004296252217314187,0.003259934865738502,0.002668444834371388,0.004217610214731981,0.004114927141068762,0.0023055763121005977,0.002668444834371388,0.004936750811610686,0.003961935914925667
2022-05-26,-0.0006785615802993009,-0.0026485742973840817,-0.00023115692032427585,0.00048784743250638137,-0.0017193456794559745,-0.0026485742973840817,-0.0005780680696127685,0.00036977209208935826,-0.0015925038085764752,-0.0026485742973840817,-0.0009499033357977227,0.000760465504386294
2022-05-27,0.006172366008179978,0.008492587940658991,0.008227257287218587,0.0057020653811933435,0.009540223706298704,0.008492587940658991,0.010953964690900181,0.0063351342653458695,0.01084029644349842,0.008492587940658991,0.012176323736500115,0.005687978968600657
2022-05-30,0.011074362651018672,0.01230122994275983,0.014390725778019815,0.011048388107982674,0.0151912185620802,0.01230122994275983,0.01892598695454051,0.011704565606463106,0.01700009084698318,0.01230122994275983,0.02002743043625701,0.010949533984554427
2022-05-31,-0.005548008030438569,-0.003301564572170952,-0.005042254704760383,-0.0053365459722266,-0.005621600089451709,-0.003301564572170952,-0.0049852750705180245,-0.005066379654048224,-0.0049580562078188764,-0.003301564572170952,-0.0049967227999803175,-0.005009800511103179
2022-06-01,-0.003279728918914005,-0.005791988815452786,-0.004040912672433178,-0.003251033273347481,-0.003304232249004035,-0.005791988815452786,-0.005964063018047245,-0.0031977377808503093,-0.0038084126487497195,-0.005791988815452786,-0.004712111647854627,-0.003175253351823456
2022-06-02,-0.005068581044811345,-0.004557799193088448,-0.004328354214723137,-0.0036574982615275235,-0.0062481960575229405,-0.004557799193088448,-0.004810130149225174,-0.003695489116009382,-0.006777202176055238,-0.004557799193088448,-0.006189617758578782,-0.0035943990508234885
2022-06-03,0.0056976966065940444,0.007824169997952848,0.00737228811559715,0.005028073535115497,0.007864303963434238,0.007824169997952848,0.010490721053317163,0.005395614321584961,0.00838058842990818,0.007824169997952848,0.010589370047416722,0.0047335494915737965
2022-06-06,-0.003380356767541959,-0.00504626072676411,-0.004354620194659958,-0.003457705123531893,-0.004487922006828027,-0.00504626072676411,-0.005954766864055723,-0.0038035029138380667,-0.004837120520720943,-0.00504626072676411,-0.006023288096061795,-0.003568520329488221
2022-06-07,-0.008203341124457727,-0.010258584105318033,-0.007324977921454906,-0.0066170874052830855,-0.009860528865284341,-0.010258584105318033,-0.007865192188772248,-0.006605203952569558,-0.009602033525141503,-0.010258584105318033,-0.008714524901269971,-0.006214747892986077
2022-06-08,0.004516399699311589,0.005148936908680073,0.00587379797117695,0.004900876546016688,0.005746804278970776,0.005148936908680073,0.007912360234346508,0.005246443591189047,0.0065210027382375906,0.005148936908680073,0.007965712200941173,0.005118703265047324
2022-06-09,-0.0056178709270026635,-0.007406167104195957,-0.005116598839093203,-0.0036121093877918764,-0.008177691591331415,-0.007406167104195957,-0.007206155449849384,-0.0038874629504483207,-0.008639375651220131,-0.007406167104195957,-0.009234117477134715,-0.0033022849737462767
2022-06-10,-0.00960052822304794,-0.011480903367339671,-0.010773915364806062,-0.008823646345854835,-0.011949944985641097,-0.011480903367339671,-0.013557956568375678,-0.008947587514225449,-0.012053440294992392,-0.011480903367339671,-0.014738896773419403,-0.008274306459651232
2022-06-14,-0.027503117232444797,-0.029500274215742136,-0.028992592848528315,-0.025686466231530772,-0.03159536608020196,-0.029500274215742136,-0.03503663130817648,-0.026388746820042743,-0.031872056385385546,-0.029500274215742136,-0.03815158087578117,-0.025349678076664238
2022-06-15,-0.010210920933573979,-0.008915149672680964,-0.008848888202435701,-0.008349527969604089,-0.009602932870954062,-0.008915149672680964,-0.01014520548198581,-0.007663099328509873,-0.007863023975322563,-0.008915149672680964,-0.009788424334319945,-0.007451086358716307
2022-06-16,0.0025325850869844864,0.0010303424206589446,0.001406182574227906,0.0019254015913417776,-0.00027097575900297236,0.0010303424206589446,0.001990646835855807,0.0011779046033957633,-0.00272353229154579,0.0010303424206589446,2.266497219118839e-05,0.0013942771221169261
2022-06-17,-0.010432298826576042,-0.010528308842900652,-0.013143551595437475,-0.009786496332570721,-0.014563609202004904,-0.010528308842900652,-0.016467753878961457,-0.010127230039880806,-0.016046397002861253,-0.010528308842900652,-0.01980402405469764,-0.008970379071121744
2022-06-20,-0.00014144546405968014,0.000795665238980159,-0.0010067897272585194,-0.0009911362895542867,-3.0348795589691835e-05,0.000795665238980159,-0.002658852134877079,-0.001508101161913276,0.00041485180597804954,0.000795665238980159,-0.004182404509467655,-0.001076728548993351
2022-06-21,0.006416153703075504,0.007455990208238103,0.008609110961844172,0.006106621411470264,0.009558174426249472,0.007455990208238103,0.010753982793365665,0.006706005357862834,0.011020106452578898,0.007455990208238103,0.013646117259659911,0.005752576826781828
2022-06-22,0.00011704018961842384,-0.002931124198779648,-0.0002097749628868283,0.0007023783768165956,-0.0016329515507286978,-0.002931124198779648,-0.001390935665461048,0.0002224580748347142,-0.0026959764150853746,-0.002931124198779648,-0.0014939766148770093,0.0003734487066019769
2022-06-23,0.007513541219694489,0.007387869664148911,0.007877761101752723,0.0077720997286486225,0.007549623323318427,0.007387869664148911,0.006845975289329611,0.007517421130268824,0.007586395697631686,0.007387869664148911,0.006300416515836571,0.0076770138982544004
2022-06-24,0.007540676160623172,0.007503080068492481,0.007305293478940861,0.006408794702184809,0.008660882501797744,0.007503080068492481,0.009137252214468865,0.006389223865830331,0.00933790425594718,0.007503080068492481,0.009837009694248488,0.006361984572350839
2022-06-27,0.009654728147824816,0.013857326992157292,0.012926462188547155,0.009322345531493536,0.01590205351296204,0.013857326992157292,0.018027438023134692,0.010469441308189867,0.018533266668365196,0.013857326992157292,0.021226792620463734,0.009235075931865603
2022-06-28,0.002484044426172154,0.002468234904349997,0.0013613877118893124,0.0008563194492949564,0.0030783271731275696,0.002468234904349997,0.0017019927762933523,0.0006406643382253748,0.0024903692344748047,0.002468234904349997,0.002717259513849069,0.00031934967093562343
2022-06-29,-0.005885313675112781,-0.00810763543545268,-0.007139189197519142,-0.004946802392646108,-0.009145140595779373,-0.00810763543545268,-0.011170426485225668,-0.005280481700045817,-0.010419639615448987,-0.00810763543545268,-0.01114136657900981,-0.004964193441272327
2022-06-30,-0.00814077073383757,-0.01109534754123328,-0.009389488385230214,-0.006977322585002572,-0.012195587482432223,-0.01109534754123328,-0.01148178241947773,-0.007452076211419944,-0.013197402789646966,-0.01109534754123328,-0.013777779469869694,-0.006455437661216121
2022-07-01,0.0005639332756277249,-0.0013567109935343935,-0.0016193041894833962,5.729594873264767e-05,-0.001727310227812473,-0.0013567109935343935,-0.003921602849933677,-0.0008452043635197496,-0.0022893246747822294,-0.0013567109935343935,-0.004550527876401638,-0.0002442116072972355
2022-07-04,0.00860382309868133,0.009878139771988719,0.00948069628745314,0.008394533942852498,0.010625203544169551,0.009878139771988719,0.011014077113519129,0.008673921044362088,0.011190971065341266,0.009878139771988719,0.011186699823154152,0.008460660769127815
2022-07-05,8.172117073978732e-05,-0.0003630643685524429,0.001657845010354769,0.0003842046898661489,0.000784778683710925,-0.0003630643685524429,0.0036801063233058576,0.0006255876198870503,0.0008584397066786497,-0.0003630643685524429,0.0041260753971873645,0.00016518119620333068
2022-07-06,0.00013890623358362407,-0.0021102104446778912,-0.004015317937384492,-0.002062329144522042,-0.002052230933464347,-0.0021102104446778912,-0.007044435480007276,-0.0031923477329454707,-0.002636820813538439,-0.0021102104446778912,-0.006971500408693582,-0.0022996852984339057
2022-07-07,0.0028011832836319006,0.0035022570806492958,0.004062979183045792,0.0023327487647912025,0.0054364207606198405,0.0035022570806492958,0.006651648811210234,0.0031490834724660828,0.006285169184255943,0.0035022570806492958,0.008906841607167558,0.0026188001514777883
2022-07-08,0.0017212787945533423,0.0031431060083211295,0.002652062968094703,0.0013005621434186503,0.003724952178864079,0.0031431060083211295,0.005060186204750842,0.0018147601372884917,0.004822785276218695,0.0031431060083211295,0.006222529087498227,0.0014559220508035924
2022-07-11,-0.004721147856882738,-0.006569309931835857,-0.004021788642282416,-0.003522399474204297,-0.006571819246773088,-0.006569309931835857,-0.00501707837475391,-0.0039858895134471375,-0.007528331292887738,-0.006569309931835857,-0.006319200260204224,-0.003813046201890896
2022-07-12,0.0009448209848251277,-0.0016377399491365149,-7.668022014210557e-06,0.0014009149090608631,-0.000518539705447187,-0.0016377399491365149,-0.002495291514872692,0.0009451677429966436,-0.0009741325779908339,-0.0016377399491365149,-0.0025474854615382815,0.0012694513096712986
2022-07-13,0.0006838964681347651,0.0018209944633392177,-0.0007288091090111862,-0.0006064813444424477,0.0006002422018471017,0.0018209944633392177,-0.0004760953974574725,-0.0006921334868148767,0.0003934481331164337,0.0018209944633392177,-0.0002701669938260436,-0.0006205027656028816
2022-07-14,-0.001986867837855915,-0.0016416392083757325,-0.00354818586931839,-0.0029305749255503334,-0.0017118085171189687,-0.0016416392083757325,-0.003469464793345601,-0.0028321208757932075,-0.0018945302966496711,-0.0016416392083757325,-0.002827786210835548,-0.002900109510125349
2022-07-15,-0.0018405948312637615,-0.0032200562354778605,-0.0019437057770986827,-0.0017746925121038101,-0.0025879630680608495,-0.0032200562354778605,-0.0029743472194039395,-0.0022213513012107333,-0.00268881405515928,-0.0032200562354778605,-0.003563572571894464,-0.001939902698372923
2022-07-18,0.008160914272564244,0.009499747477922364,0.010122943753775955,0.008104985280076608,0.010747161188911251,0.009499747477922364,0.013930628541610732,0.008852222200401869,0.011433760990623544,0.009499747477922364,0.015467544704134709,0.008214599298700389
2022-07-19,-0.00595410361357044,-0.004160594475620227,-0.0068207240086029484,-0.006396828406932688,-0.006764144529827238,-0.004160594475620227,-0.007175174743548983,-0.006294945173139663,-0.007546427584738044,-0.004160594475620227,-0.006144908183116196,-0.006419821873762194
2022-07-20,0.010040894881806072,0.012789265331109944,0.01259054477069113,0.009191501802775488,0.014873837069414473,0.012789265331109944,0.01720918866366305,0.009975284668468863,0.016117563514607736,0.012789265331109944,0.019231723562159745,0.008966696267953364
2022-07-21,0.0012845739254356548,-0.00033837149498059163,0.0005826924895050356,0.0004945315652553316,0.0018386522285321189,-0.00033837149498059163,0.002503897457749174,0.0006109686614841311,0.0023265452075411715,-0.00033837149498059163,0.0033298262074339465,0.0006416595275533137
2022-07-22,0.003452480777048037,0.003853312485306482,0.0035111538137296444,0.004048212764627848,0.0024448632280928196,0.003853312485306482,0.002687016518598313,0.0037880821684093463,0.002040355751048454,0.003853312485306482,0.0012376760427867176,0.004019610048733592
2022-07-25,0.0003547941330310686,-0.000967004108146896,-0.0010643016194920646,0.00039004343363755964,-0.0015700239463494012,-0.000967004108146896,-0.003263881055913384,-4.1784281945666506e-05,-0.0026259728392297086,-0.000967004108146896,-0.004089059034950082,0.0003063645617825688
2022-07-26,2.826515148812945e-05,0.0011504479678185098,-0.00039608164786075886,-0.0008788995760334317,9.75340913398574e-07,0.0011504479678185098,0.00012115626844507493,-0.0008677334640887026,-0.0005508054584339195,0.0011504479678185098,0.0008621626590583326,-0.0011931085213823802
2022-07-27,0.0023935233206823776,0.0015443168247082576,0.001443395582898565,0.0016856564313718963,0.0018123162640088922,0.0015443168247082576,0.0010051257353578848,0.0014140232956999072,0.0015178043523642634,0.0015443168247082576,0.0013797059105798105,0.0014083314648889354
2022-07-28,0.006384944523446274,0.00803033992770032,0.007773720800243432,0.0061578976132897825,0.008185112621172018,0.00803033992770032,0.009964126197056805,0.0063968761240946375,0.008616693643894132,0.00803033992770032,0.00988725391419907,0.005890011102691388
2022-07-29,0.011371881935663103,0.011679094597221391,0.012190331290425554,0.011549538284078788,0.01192279660077165,0.011679094597221391,0.013049031949013194,0.011218439248939246,0.011748513852371528,0.011679094597221391,0.012061382578461427,0.011147302694886483
2022-08-01,0.0023224967254790335,0.0023319107233963575,0.0031682872004568114,0.002563463646959399,0.004202676887729923,0.0023319107233963575,0.004210433403286104,0.003060557950610215,0.004837246000688983,0.0023319107233963575,0.005411057219493033,0.002816705728612228
2022-08-02,0.002325489339857442,-0.00045885028875051006,0.0017963021544658698,0.0033460585851717768,0.0001394684020677164,-0.00045885028875051006,1.6341477587752408e-05,0.002757942545093366,-0.0007929256820268917,-0.00045885028875051006,-0.0009237195922750593,0.002979034321036081
2022-08-03,-0.002856183300913189,-0.0012093138816220064,-0.0012274458939649862,-0.002495349999687805,-0.0007755638065913787,-0.0012093138816220064,0.000657203972835474,-0.001991624125555921,0.0008149229811383218,-0.0012093138816220064,0.0006809957865372614,-0.002155783361655332
2022-08-04,0.0018407890927287862,0.0031547189688824213,0.002885516998763317,0.002026194498764939,0.002898709954605475,0.0031547189688824213,0.00494646754504749,0.0023707896608819784,0.0033270031754485674,0.0031547189688824213,0.004988486869907323,0.0023032692984584213
2022-08-05,0.004232910610847069,0.005505506947089001,0.00436448663630093,0.00414733484668884,0.005223795323597757,0.005505506947089001,0.004644868439640391,0.00449552107894824,0.005978200539534387,0.005505506947089001,0.004479079396233502,0.004499789329435923
2022-08-08,-0.0032824783174930992,-0.0034484467259082922,-0.002615394321403173,-0.002980159858850904,-0.002031539433672211,-0.0034484467259082922,-0.0011389063870736388,-0.0026739128698100587,-0.0014876792124959616,-0.0034484467259082922,0.00043514194845856803,-0.0030197797348279296
2022-08-09,0.0007609599390231522,0.0024479846888085903,-0.0005230380023303932,-0.00033487400797672397,0.0005122419710210909,0.0024479846888085903,-0.000646521883713828,-0.0004781526854495228,0.0005194191389209377,0.0024479846888085903,-0.0017013022695308072,-0.00024000164176924646
2022-08-10,-0.004393832868464003,-0.004632132921452437,-0.0038409249443286993,-0.003425924856478678,-0.004835748748623814,-0.004632132921452437,-0.004314170390312042,-0.0035006225346001646,-0.005327045957216911,-0.004632132921452437,-0.004099070272788107,-0.003622773833266623
2022-08-11,0.005993049400280936,0.00819831598180912,0.00655633882117879,0.004322777926886107,0.00874167281363962,0.00819831598180912,0.010364739146779904,0.005136006725055359,0.009238444357005719,0.00819831598180912,0.012211819601702097,0.004704911931848838
2022-08-12,-0.0040713669428214735,-0.004309313872002792,-0.002874241530825948,-0.0028074724915167094,-0.004273814115998033,-0.004309313872002792,-0.00241457063902801,-0.002468907925108488,-0.004383900755464569,-0.004309313872002792,-0.0024564364301471117,-0.002597642715733895
2022-08-15,0.0064833746001292025,0.007365187643119277,0.007989512242657577,0.0067245740307243515,0.008306386260901627,0.007365187643119277,0.009206422431754017,0.0069884728087658025,0.009424924591224538,0.007365187643119277,0.009205101255387888,0.006882442346691507
2022-08-16,0.004952370835851118,0.0022210883076505443,0.004776475020846278,0.0049645067802256745,0.0045138106417248365,0.0022210883076505443,0.004405831694842377,0.004821830769229286,0.0044243976280716486,0.0022210883076505443,0.005026662522442803,0.004817020691365825
2022-08-17,0.0023452596975436966,0.0031826405103459574,0.0036960758291493113,0.0025550920162079175,0.004315914542434651,0.0031826405103459574,0.0040919069019533716,0.0029659602972743945,0.005049452561808935,0.0031826405103459574,0.004827631110210924,0.0026510736290919455
2022-08-18,-0.0035268526352169273,-0.004132257297704565,-0.003632031934531935,-0.003141483474021581,-0.0030804446395696398,-0.004132257297704565,-0.0050162431804111965,-0.0030501006950931562,-0.002320678684758476,-0.004132257297704565,-0.0044799542030368395,-0.0029466716140167186
2022-08-19,-0.0009763522964207712,-0.001182704205038353,-9.628560604544762e-05,-0.00036898997542297597,-0.00030163061427850843,-0.001182704205038353,0.0009836232348838475,-8.555024886683614e-06,2.4739040229073197e-05,-0.001182704205038353,0.0019750375652294364,-0.00022516468214246434
2022-08-22,-0.009277072007954175,-0.009528706766139313,-0.009928596918306996,-0.009139585904850844,-0.010158940376352897,-0.009528706766139313,-0.010956449216442449,-0.009294060175994972,-0.010570659258116084,-0.009528706766139313,-0.011230303106575773,-0.00917296554545923
2022-08-23,-0.008171446268959206,-0.008330418521799538,-0.009643350582871399,-0.008116132678620132,-0.01028042756231451,-0.008330418521799538,-0.011328288798608841,-0.008545976520788992,-0.010772829997062281,-0.008330418521799538,-0.011974890881189307,-0.008154221188597445
2022-08-24,-0.0007440335981031875,0.00017848298546879678,-0.0015399655086773985,-0.0018964045945758738,-0.00015614328389695252,0.00017848298546879678,-0.0007786634291131696,-0.0019159948782753046,-0.00039400910918875907,0.00017848298546879678,-0.0005799253809573912,-0.00222177076803417
2022-08-25,0.003215390645801381,0.006415329992654123,0.0036474729697217926,0.0020952558724815036,0.005399940427113693,0.006415329992654123,0.005058615621408329,0.0025522523936851844,0.005862339423709442,0.006415329992654123,0.005856574690911837,0.0021911680996593123
2022-08-26,0.0047620799945950806,0.0054547465270831305,0.004869850925069073,0.00435107639211796,0.005855070058240809,0.0054547465270831305,0.005074532759543368,0.004604267099197823,0.0063892157084736905,0.0054547465270831305,0.006041008873159562,0.004415499465870595
2022-08-29,-0.01577170902871873,-0.01695552248575821,-0.019031678728237633,-0.015822739169026705,-0.019143635457811385,-0.01695552248575821,-0.024157604501377224,-0.016361476787913578,-0.0195336256362769,-0.01695552248575821,-0.025046703707956856,-0.015486421833161346
2022-08-30,0.0035890528456089246,0.004265796722755003,0.0033035470560824347,0.0025912193915552653,0.003605785244863965,0.004265796722755003,0.004173102286710573,0.002423402045120318,0.0029564769789942177,0.004265796722755003,0.004325424956490158,0.002194511157028975
2022-08-31,-0.00211877147613811,-0.00203293334455329,-0.0038063384981437518,-0.00344340646226271,-0.002507860588165125,-0.00203293334455329,-0.004237957468003657,-0.003652173129442711,-0.002402994680436112,-0.00203293334455329,-0.00437243081694375,-0.0034762965343461565
2022-09-01,-0.010187475800852356,-0.011914132220863483,-0.01126090751498408,-0.00974275155916914,-0.012269429512225156,-0.011914132220863483,-0.013490217548225405,-0.01025170343527361,-0.012568648981871143,-0.011914132220863483,-0.014014816521661028,-0.009897987690980265
2022-09-02,0.0004004709854974415,-0.0017221580496526042,0.00174320054541308,0.0013579210388350714,0.0005037541616775018,-0.0017221580496526042,0.0015006527487672404,0.0011647669635369313,0.00041050009152767883,-0.0017221580496526042,0.0012579222223618907,0.0010937532857868168
2022-09-05,0.0004884645360548367,0.0007139365146301806,-0.0007820266392064743,7.173293774588714e-05,-0.00043719626344789506,0.0007139365146301806,-0.0017165725507687962,-9.09945227093185e-05,-0.0011544253824351145,0.0007139365146301806,-0.0014952876284005099,-0.00012901981731759256
2022-09-06,0.00025169986887123,0.0008261016063830066,0.0015614328350125818,0.0007685568528581163,0.0008385139199830416,0.0008261016063830066,0.002892063164118464,0.0008128751681124916,0.0013515836408028441,0.0008261016063830066,0.0021140182808599296,0.0007354858900223016
2022-09-07,-0.006465616383452277,-0.008343848332892059,-0.006823826284289834,-0.00589064217402575,-0.007555851330600435,-0.008343848332892059,-0.00802133582468267,-0.006279058019535558,-0.006932568504033001,-0.008343848332892059,-0.00884134272334999,-0.0057370466823799295
2022-09-08,0.014157457478937477,0.015350178518619738,0.015501738068979292,0.01373330177653706,0.016842016047752373,0.015350178518619738,0.017884610279844528,0.01400056987360618,0.017317940657010096,0.015350178518619738,0.018772817335539007,0.013433809806904387
2022-09-09,0.0010007448358453567,0.002612020125073939,0.0012206058853339928,-0.0002549908150343789,0.002145261136241266,0.002612020125073939,0.0032725429199012596,0.000125707992092579,0.0019346701329119318,0.002612020125073939,0.004679175660172985,-0.00048379062071158776
2022-09-12,0.004729497582292722,0.004998478965569961,0.006479757094892949,0.004866423331401311,0.007423672690309305,0.004998478965569961,0.009124861313667656,0.005527570372416581,0.008077844329828783,0.004998478965569961,0.011452858685101729,0.004922097155039753
2022-09-13,0.0062978330782279485,0.007977529546475109,0.007473955280494896,0.0064321340146941,0.007927353200196248,0.007977529546475109,0.008827111369515167,0.0068972713601446805,0.008571763577945776,0.007977529546475109,0.009271566414032952,0.006685845929319872
2022-09-14,-0.017815572422682675,-0.020845338402973815,-0.020282901797720267,-0.01664854650760274,-0.02217974912496663,-0.020845338402973815,-0.025491481920311896,-0.017682527273283948,-0.022446457769874657,-0.020845338402973815,-0.02787727355799232,-0.016616479117139947
2022-09-15,-8.784264317581857e-05,-0.0011075510344975986,0.00017009878441309626,-8.051241368544007e-05,3.1801686902490965e-05,-0.0011075510344975986,0.000935093767307093,8.893784794381729e-05,-0.00029659537678710334,-0.0011075510344975986,0.002507721732619741,-0.00023802739808424908
2022-09-16,-0.008662645680886328,-0.011809981520417213,-0.01017394834206148,-0.008047013505643717,-0.011758860450381565,-0.011809981520417213,-0.012911334585329224,-0.00882182493783853,-0.012639446747021058,-0.011809981520417213,-0.013404690496891069,-0.008209904655562981
2022-09-19,-0.00149011438638625,-0.0003307078291992503,-0.002379630128865424,-0.0021523272684915826,-0.00179969969763991,-0.0003307078291992503,-0.003921521910295314,-0.002222162101049625,-0.0018282055197669004,-0.0003307078291992503,-0.004503611702352971,-0.0020583236749257966
2022-09-20,0.006985815524325221,0.0058362444837767435,0.008417856048033193,0.007067413098819773,0.008432152576460978,0.0058362444837767435,0.010759321166073949,0.007198524481337686,0.008208424495551628,0.0058362444837767435,0.011940725495748011,0.006522336372702295
2022-09-21,-0.009115619908046942,-0.010516779640383134,-0.009369947853661052,-0.007984091114096653,-0.011087590015595145,-0.010516779640383134,-0.010976409073328548,-0.008394653823428185,-0.01100376950193718,-0.010516779640383134,-0.012324528574909819,-0.007939092540092089
2022-09-23,-0.015031757590811722,-0.016955993936650104,-0.01509129176537917,-0.013098296934247624,-0.0176790754073025,-0.016955993936650104,-0.017464210851936956,-0.0135483047696738,-0.0184289250688682,-0.016955993936650104,-0.020037574004332336,-0.013113671436924237
2022-09-26,-0.011062266255677307,-0.01423329613495581,-0.01314899273022123,-0.011034097344629675,-0.013711605870824909,-0.01423329613495581,-0.017682605650952976,-0.011814906501258778,-0.014114183025908797,-0.01423329613495581,-0.01892351024023093,-0.011060633895347996
2022-09-27,-0.0008630364998708674,-0.0020218790972820677,0.0011053438639788415,0.00018099138748078425,0.000672353473001698,-0.0020218790972820677,0.0032172097594239247,0.00046570479003436724,0.0011724480603578647,-0.0020218790972820677,0.004488363027430015,-7.148354887772951e-05
2022-09-28,-0.0045025015079673625,-0.004942539643532299,-0.004832024993551807,-0.00433784905066628,-0.004196865826485063,-0.004942539643532299,-0.006660274341912111,-0.004482207497331353,-0.0033706400266562426,-0.004942539643532299,-0.006379247571449784,-0.004368607601426133
2022-09-29,0.010757593970683479,0.011151334261832999,0.012015443868736264,0.010476577530820827,0.011792381909006552,0.011151334261832999,0.014676366036879841,0.010429305859645048,0.011017810816410411,0.011151334261832999,0.015141601450475616,0.00981316432217019
2022-09-30,-0.008003378774677572,-0.008468670609691118,-0.009550935086665685,-0.007857729608120815,-0.01182843389977433,-0.008468670609691118,-0.012296292082751641,-0.008649590186217459,-0.013343706807140858,-0.008468670609691118,-0.01518837980025021,-0.008097744267603972
2022-10-03,-0.001359983976756978,-0.00018910882919089821,-0.002872929599537791,-0.001716200877176745,-0.0014169844487862352,-0.00018910882919089821,-0.005669228327987931,-0.001960875719363721,-0.0009721799866140335,-0.00018910882919089821,-0.005908967648219388,-0.001652131653329215
2022-10-04,0.025053868804747425,0.02909579506920876,0.02676748280012834,0.023744572040815138,0.03001311184880738,0.02909579506920876,0.03101320799182756,0.024681498514001473,0.031094144694038626,0.02909579506920876,0.033437476556697605,0.02371295246757547
2022-10-05,0.010148724957581621,0.012974054071569598,0.012122983446828255,0.00999819588972831,0.014420413933120775,0.012974054071569598,0.01495413549080422,0.011210589159263012,0.016207496024577734,0.012974054071569598,0.01624007707948838,0.010638244711775996
2022-10-06,-0.0014824143586871343,0.0004537964336164385,0.00018853887835881564,-0.001393770230284364,0.0003484541316692194,0.0004537964336164385,0.0025133791779217867,-0.0008562226258604308,0.0007607990004271142,0.0004537964336164385,0.00328539428572822,-0.0013381566720367922
2022-10-07,-0.005648400430608904,-0.007922809045875319,-0.005904711079651832,-0.004156773851817456,-0.006508687085092265,-0.007922809045875319,-0.007879430200953127,-0.004338689406119759,-0.00571343967514215,-0.007922809045875319,-0.008579968589391258,-0.003960554813905222
2022-10-10,-0.011200166617270507,-0.013848914682785948,-0.012906652044160923,-0.010898261181226417,-0.01418870927047632,-0.013848914682785948,-0.01698294090839821,-0.011725933266822091,-0.01520550453731048,-0.013848914682785948,-0.017440593869317657,-0.011368675314383526
2022-10-11,-0.0045847759569027,-0.005611659413565512,-0.00494658353068714,-0.004395105690877773,-0.003963229671592337,-0.005611659413565512,-0.005167555370672322,-0.004487855366658373,-0.0033110847104736506,-0.005611659413565512,-0.003957177943716114,-0.00441223696809216
2022-10-12,0.0014378971168867672,0.001954873903651418,0.0017030350255449918,0.0012618590532238222,0.0011179422161449182,0.001954873903651418,0.0019616188790302523,0.0009734209073648237,0.0005594341082114414,0.001954873903651418,0.0018072487834110565,0.0008069246740801168
2022-10-13,-0.004073473418839084,-0.005487741318953123,-0.004136242746769771,-0.003634747606468752,-0.005129718939544761,-0.005487741318953123,-0.005098607952049108,-0.003633613753018645,-0.00597688337804568,-0.005487741318953123,-0.005302275917082618,-0.0037807184200715272
2022-10-14,0.011384574372215411,0.012446671374860774,0.014241038749552888,0.011391907631616108,0.015678504459651323,0.012446671374860774,0.018577285763587074,0.01258793971848718,0.01687733187465165,0.012446671374860774,0.020856814903692216,0.011807167397638365
2022-10-17,-0.00802728208208971,-0.009139723440561262,-0.00948719563435993,-0.00764594599709305,-0.010083823908966083,-0.009139723440561262,-0.012368031023327961,-0.00841449526419825,-0.01003682367468947,-0.009139723440561262,-0.013041696626086516,-0.007793712087639379
2022-10-18,0.014849688605819417,0.017277993247247034,0.017315625709386488,0.014176518287116722,0.01846905149243712,0.017277993247247034,0.021837804974650026,0.015042344013590498,0.01938411522814483,0.017277993247247034,0.023320952163358787,0.014385205414601065
2022-10-19,-0.0004550707748778297,9.654407839764821e-05,-0.0005342148722438358,-0.0011309001824465388,0.0010618328503093101,9.654407839764821e-05,0.0011494208710214075,-0.0008547383175684296,0.001621390603598653,9.654407839764821e-05,0.002823129447118486,-0.0010406879531002593
2022-10-20,-0.008352040839388113,-0.010007196665780375,-0.008082037845686217,-0.007081776209969806,-0.009535957915717003,-0.010007196665780375,-0.010717623134262055,-0.007277647606522241,-0.009794101158272747,-0.010007196665780375,-0.01118676156979049,-0.007157005405215334
2022-10-21,-0.006963606337439498,-0.006015254286551527,-0.007216618711145843,-0.006901360680028833,-0.007009798447418745,-0.006015254286551527,-0.006923178590500147,-0.006569077202514001,-0.006566617801520552,-0.006015254286551527,-0.006780576505809014,-0.006441552551993779
2022-10-24,0.010402061722992946,0.010735955073615265,0.012422062589910153,0.010583502891956085,0.012142322666789154,0.010735955073615265,0.016192438028313702,0.01048614979649313,0.011391395810817512,0.010735955073615265,0.016056079063771104,0.009777010898512292
2022-10-25,0.004572507405902333,0.003013534632271822,0.00600138806409346,0.00479654773205195,0.005300182615504211,0.003013534632271822,0.0070875386223634654,0.004490764373683305,0.005083978448179339,0.003013534632271822,0.007707388337606351,0.004156225543025768
2022-10-26,0.0038521560767686013,0.004439896446022866,0.0030595982139830073,0.002595087624681236,0.0028493111635472545,0.004439896446022866,0.0030460719865000618,0.0021970803093658794,0.0018240310824153656,0.004439896446022866,0.0026174059966802433,0.002286907597218513
2022-10-27,0.0026090540662989173,0.0025574979852437604,0.0008521349399618097,0.0008615555817510723,0.001312102685221301,0.0025574979852437604,0.0015631877496136324,0.0003958813237548185,-0.00028784886817085156,0.0025574979852437604,0.0018067224438628282,0.00023643276534373982
2022-10-28,-0.0025549679916879306,-0.004269134915409136,-0.004466834478952868,-0.00242598987570868,-0.005890911928543789,-0.004269134915409136,-0.008254037853292073,-0.0034721657050121634,-0.007163283428373353,-0.004269134915409136,-0.009914194099571078,-0.002812614834977171
2022-10-31,0.01007409251343074,0.009899501805320857,0.01316920234822477,0.010372384650168261,0.014244877499005722,0.009899501805320857,0.0170453461520086,0.011180371517357747,0.01622433536091534,0.009899501805320857,0.019478091961335833,0.010595333846630082
2022-11-01,0.003364837285772937,0.007359440177956667,0.001705232333903007,0.0008802529152711951,0.006446990920926405,0.007359440177956667,0.0025974428105999653,0.0016827487135211308,0.0071074828667302475,0.007359440177956667,0.005469623250221205,0.001266646728608316
2022-11-02,0.0002647983462605819,0.0026873807881343174,0.0008053325154548495,0.0011198834866613671,0.0013691281650771024,0.0026873807881343174,0.0007834439200146993,0.002170874506224125,0.002672422698153345,0.0026873807881343174,0.0006803942394315031,0.002219973964226157
2022-11-03,-0.012274192280589463,-0.014285238736952578,-0.01339678568165221,-0.011763630982704325,-0.015374107069182881,-0.014285238736952578,-0.01660961322299356,-0.01269602146567488,-0.0161823584444074,-0.014285238736952578,-0.01823687807573047,-0.012090547630806879
2022-11-04,0.0006886401989282553,0.003771700467312314,-4.846131904147174e-05,0.00011413432362201702,0.0015838355726124696,0.003771700467312314,-0.0014094465442468474,0.001071906610362003,0.00276934319745609,0.003771700467312314,-0.0010054554373907566,0.0011293292179557824
2022-11-07,0.0029454468401411927,0.004313082280667195,0.003969647925988984,0.0031514358651481044,0.004243291313889271,0.004313082280667195,0.005740128463709075,0.0037641204538590304,0.004293796873549391,0.004313082280667195,0.004593082463880676,0.0034343770712529963
2022-11-08,0.00029236890047289806,0.0009698111682623474,0.0017081596665304317,0.00047776173517656144,0.00220486400222371,0.0009698111682623474,0.004018740543034702,0.0009568738192964496,0.002395837956775847,0.0009698111682623474,0.005085578753911476,0.000448421493441086
2022-11-09,0.006637287246298865,0.0070831417484701256,0.006609390217647603,0.006646604194341929,0.005963756169159429,0.0070831417484701256,0.0063740997289598875,0.006148989032045747,0.005177646601679881,0.0070831417484701256,0.004921842788934565,0.006145009722976482
2022-11-10,-0.0011831818139254005,-0.0031549586674776615,-0.002600867203491388,-0.0009254456303256818,-0.004005815046246384,-0.0031549586674776615,-0.006673276469392314,-0.0019085613568675097,-0.004830906448201371,-0.0031549586674776615,-0.007857932796506897,-0.001339377063086462
2022-11-11,0.01998379278647694,0.023417068710941777,0.021995408722373315,0.018855145211634162,0.02426907167066486,0.023417068710941777,0.029094326440853687,0.01994233786758817,0.02443941785493628,0.023417068710941777,0.03060581258895872,0.01896257179780996
2022-11-14,-0.0012405723450310327,0.0002515546925614507,0.00030296054756776935,-0.00014597237550979743,-0.0002591188087608729,0.0002515546925614507,0.001489953407531205,0.0007109676461815134,0.0004654307640877757,0.0002515546925614507,0.0011975241594284671,0.000532313184534144
2022-11-15,-0.001071308808063382,-0.0013428546431311016,-0.001367314628991825,-0.0008544137342262981,-0.0014627396831960247,-0.0013428546431311016,-0.002171656776603909,-0.00035149402122265156,-0.001386231354653758,-0.0013428546431311016,-0.0030419053562291964,-0.00017024338601008985
2022-11-16,-0.00015199983895521847,-0.0016133803830260588,-0.0011236133716509024,-0.0006756647575624005,-0.002406918126385916,-0.0016133803830260588,-0.00178815233433691,-0.0016332612763164088,-0.004078540650745667,-0.0016133803830260588,-0.0021809499374402536,-0.0015765389671663595
2022-11-17,0.002292318701986419,0.0005412952944507827,0.0011433426452527851,0.0017401047379603846,0.0015915930703875555,0.0005412952944507827,-6.36328376207078e-05,0.001121889678464658,0.000995079590922943,0.0005412952944507827,0.000602774252290038,0.0012328977048531352
2022-11-18,-0.00015708114511877813,0.0006953816557647999,-0.0005072276436750876,-0.000575947010375775,4.392399368293409e-05,0.0006953816557647999,-0.0011328114088948343,-0.00032700681428730297,0.00022125288487469526,0.0006953816557647999,-0.0009644519153606363,-0.0003611196937235599
2022-11-21,0.0009786738041403363,-0.0006395240201568048,0.001860478180982911,0.0017538352479806916,0.00110063057957126,-0.0006395240201568048,0.0022529975740056946,0.0015502582641493535,0.0013322775094900664,-0.0006395240201568048,0.0029202451872962013,0.0014900638005596436
2022-11-22,0.002554165487854997,0.003752042376492376,0.0026023839914216082,0.0023654399327587812,0.004086324090397083,0.003752042376492376,0.0030713621819602696,0.0028690769119174516,0.004958229509136991,0.003752042376492376,0.003913099667853031,0.002771262202272308
2022-11-23,0.003836372016088711,0.0025003349020733963,0.004237818234364511,0.0037767736065245664,0.004534584143196107,0.0025003349020733963,0.005794063927601852,0.0039021444796013063,0.0043957102183264304,0.0025003349020733963,0.00725019074590464,0.0035844849394320237
2022-11-24,0.0017290224902318627,0.002395476604483484,0.0009392573101316467,0.0008082491835122931,0.00042152446364589446,0.002395476604483484,0.0012677492720141559,0.00035655544991094286,-0.0010805363202703155,0.002395476604483484,0.00024323017677893105,0.0003491810352962414
2022-11-25,0.0006059415077542931,0.0012848557075407076,0.00044530216487284884,0.00034392348646886914,0.0009706248655582841,0.0012848557075407076,0.0002759142079056738,0.00042047182180379527,0.0008086300005794186,0.0012848557075407076,0.0005945134161336027,0.00039121882214037746
2022-11-28,-0.0009322629989280557,-0.0014725695944097657,-0.0009553069837488382,-0.0007762993775188139,-0.001218469642009335,-0.0014725695944097657,-0.0021547134555358976,-0.0011515947975238813,-0.0009004271867308544,-0.0014725695944097657,-0.0021464595470358397,-0.0009722084534282511
2022-11-29,-0.002076278788130239,0.0005529646632878354,-0.0024444471429270103,-0.0024901674919159712,-0.0006311604315138593,0.0005529646632878354,-0.0025800158126828157,-0.001409514278263262,0.000544973459638879,0.0005529646632878354,-0.0025112031040499614,-0.0013695694639527546
2022-11-30,0.0026266699924745772,0.004224654885004583,0.0010580056989343866,0.0011957937561814702,0.002634931009021183,0.004224654885004583,0.00035402099489234947,0.0011073807021705294,0.0026974760907673336,0.004224654885004583,0.001070877068124954,0.0011854102483385789
2022-12-01,0.009600038288901637,0.010661839957320618,0.011079016717142023,0.009768780378077487,0.01105496663133536,0.010661839957320618,0.014290070636065343,0.010313279579186586,0.011281755421511606,0.010661839957320618,0.014222966872967462,0.009990291823084071
2022-12-02,-0.0013135855267474479,-0.004248030970027513,-0.0016394555732502094,-0.00038551218231850845,-0.00412448320981115,-0.004248030970027513,-0.0030803623449083407,-0.0013326812168177988,-0.005017292725323,-0.004248030970027513,-0.005354528736036057,-0.0009821800182913164
2022-12-05,0.0009484140008836469,0.0028369054249006167,0.001178557430333618,0.0008141448282976918,0.001557924806855117,0.0028369054249006167,0.0007285576928025266,0.0013347224832586822,0.0016930014793355424,0.0028369054249006167,0.0006815690416010312,0.001184324710516225
2022-12-06,-0.0037383454437270288,-0.0055687950008377176,-0.004477016337314867,-0.0033084864548116725,-0.004266270095970651,-0.0055687950008377176,-0.006232945624230089,-0.003378856666695292,-0.003697384392219644,-0.0055687950008377176,-0.005519733945895722,-0.003022176425134028
2022-12-07,-0.003681834077679494,-0.004741869877431903,-0.004423511406901615,-0.003055542938981198,-0.005971543915756223,-0.004741869877431903,-0.007322373910298193,-0.0034210664543540565,-0.006239065517550443,-0.004741869877431903,-0.008527194875435101,-0.00291084838026233
2022-12-08,-0.0031793849003196525,-0.0031195284193029755,-0.003926252619098447,-0.0032479707994831834,-0.00494149401353031,-0.0031195284193029755,-0.005316435285627737,-0.003868747153433636,-0.005612464703745137,-0.0031195284193029755,-0.006769758518314465,-0.003483872515314676
2022-12-09,0.003594785646596913,0.003060996961558206,0.003999474327436078,0.0034679298563701764,0.0034945555579225457,0.003060996961558206,0.005198929140088947,0.0035533986175278007,0.002790293782312186,0.003060996961558206,0.004666881685029069,0.003280826747036027
2022-12-12,-0.005165664224715219,-0.005443589557990797,-0.005814137002226867,-0.0057341030398577065,-0.005685986489365798,-0.005443589557990797,-0.0066188850666523335,-0.006180861886938592,-0.006272015868706691,-0.005443589557990797,-0.006495738388075065,-0.006187630503627266
2022-12-13,0.003551404832175632,0.0033993461676309444,0.005783424285562397,0.004812700323519689,0.005454540948077872,0.0033993461676309444,0.008252556089470236,0.005312802438648242,0.00634755882712747,0.0033993461676309444,0.009009310836022827,0.004993549901657783
2022-12-14,0.0050482799672252245,0.0069515630427670365,0.00514219332655585,0.004307795097522193,0.005770971654945416,0.0069515630427670365,0.006421714651533723,0.00442458962304007,0.00546785261560228,0.0069515630427670365,0.006542749089566686,0.004186074005946807
2022-12-15,-0.004961177941666815,-0.006203652399027213,-0.005272898788442299,-0.004708321459169299,-0.005924113508536976,-0.006203652399027213,-0.005861888093401061,-0.0049200234976138815,-0.006307001857505407,-0.006203652399027213,-0.005484290524613,-0.0048070471189505795
2022-12-16,-0.005853363586338175,-0.005397842230522352,-0.00750374774381426,-0.005984814300647787,-0.006839564537026219,-0.005397842230522352,-0.0113061269651937,-0.006326143514437409,-0.0061712025504063826,-0.005397842230522352,-0.01150368124279337,-0.0057353150984536735
2022-12-19,-0.00435905931287206,-0.0034165837990851144,-0.00517936718392856,-0.004572191627952986,-0.004969339818272644,-0.0034165837990851144,-0.006381931444312458,-0.004643389569458322,-0.005262661402361001,-0.0034165837990851144,-0.007483945141649044,-0.004522196403702417
2022-12-20,-0.011473962044599745,-0.013774965810512114,-0.009645813296325802,-0.008669503431970562,-0.0126209312821866,-0.013774965810512114,-0.011331425885286675,-0.008714575627715196,-0.01245267465103191,-0.013774965810512114,-0.01362824009515874,-0.008600018381672944
2022-12-21,0.0076156126633355895,0.010496294179822022,0.008727842429788012,0.007317940741804478,0.010346155368238396,0.010496294179822022,0.010440895577907384,0.0079454606696343,0.01111106932929675,0.010496294179822022,0.01112538329584494,0.007544989591919689
2022-12-22,0.002560218312604788,0.004013245373030817,0.0029906940966543394,0.0019942685959498797,0.0038103483607699316,0.004013245373030817,0.005861548376799722,0.0026116183988429643,0.0037970598114334757,0.004013245373030817,0.006830149815892219,0.002303715000864467
2022-12-23,-0.005502215673503056,-0.0065088239676067295,-0.0061841760282182094,-0.005468611475130153,-0.006128974866266454,-0.0065088239676067295,-0.008134762249856108,-0.005694549338344086,-0.005909607116012704,-0.0065088239676067295,-0.007869814649998752,-0.0054494305029780515
2022-12-28,-0.005179407539797062,-0.0030594966782929527,-0.004099612441645044,-0.004859830722292901,-0.0041456107508809755,-0.0030594966782929527,-0.0032039259529114436,-0.004180994762732314,-0.004207867283952241,-0.0030594966782929527,-0.00423454014664738,-0.004415119818892435
2022-12-29,-0.0045844855092385525,-0.003759920031836769,-0.006350256738013274,-0.005495256229895208,-0.006156778030858948,-0.003759920031836769,-0.007968817699071552,-0.006000688269257327,-0.006430900580126519,-0.003759920031836769,-0.008350677816570139,-0.005505922863809261
2022-12-30,0.00455003019898332,0.004103516562982737,0.006012567957485415,0.0051997151860490864,0.005324197007048239,0.004103516562982737,0.00821563143334483,0.005301176775674911,0.005519237834756398,0.004103516562982737,0.00832793231828608,0.005021078570370748
2023-01-03,-0.0036138877569238262,-0.004458639700370926,-0.003175666102359255,-0.0025380782629123876,-0.006206249436501988,-0.004458639700370926,-0.004129955080595314,-0.0033085143213616207,-0.006925522973561597,-0.004458639700370926,-0.00678995672536178,-0.0029062055329857972
2023-01-04,0.00601378591476468,0.008195136990925316,0.0045953553096493615,0.004224576562539996,0.007791863987231266,0.008195136990925316,0.004569014543804912,0.004801413385679013,0.008131884640604114,0.008195136990925316,0.0060344695582249756,0.004559038374318632
2023-01-05,0.0036029210282387063,0.004666605247913118,0.0036458161254669416,0.0037116488188202496,0.0038909183223754893,0.004666605247913118,0.004218564407391223,0.0039488269392570765,0.004486461935711371,0.004666605247913118,0.00446049576432639,0.004093820738656368
2023-01-06,0.0006865811904261634,0.00032411497633218726,0.0003761352764315058,0.0004537871165161352,0.001705774972455604,0.00032411497633218726,0.00037475281534070376,0.0010166345384543176,0.002335572914704374,0.00032411497633218726,0.0011786434831140573,0.0008279919027557904
2023-01-09,0.0063973389331796965,0.007807470560322144,0.006700371417738305,0.006028038614881136,0.005839021899547577,0.007807470560322144,0.008503410462443623,0.005980153229952291,0.004615193906517449,0.007807470560322144,0.007566689481227334,0.005773307923348614
2023-01-10,-0.0017182215523164955,-0.0019553073321143563,-0.002157742224113763,-0.001714547876982421,-0.0021970479050797955,-0.0019553073321143563,-0.003294193858568545,-0.0018046474119841832,-0.0020389950400613675,-0.0019553073321143563,-0.0034249551701895603,-0.001597260238559203
2023-01-11,0.00561471544651443,0.007619762313727327,0.005859808203251173,0.00481020983416287,0.007921880172128134,0.007619762313727327,0.00774041139057847,0.005356813747746418,0.008728752565383847,0.007619762313727327,0.009374591692007819,0.00509053321024273
2023-01-12,0.008386806106174115,0.006861099411933502,0.008820712973119269,0.008117253430522744,0.0087711050526472,0.006861099411933502,0.009661053401200085,0.007860636057954411,0.008054287501044047,0.006861099411933502,0.010174512829923918,0.00743056053139848
2023-01-13,0.0023211954352092205,0.004242657076770809,0.002122451455988904,0.001888596114579384,0.0033232651219877963,0.004242657076770809,0.0023558168852544003,0.0023092604507768486,0.0033629420723996833,0.004242657076770809,0.0027332556983558783,0.0021280456658045095
2023-01-16,0.004443339580349415,0.006185280464709254,0.0047843199704102075,0.004213551723048234,0.005894547742655543,0.006185280464709254,0.005798848683064247,0.00470897399605283,0.006391758362032641,0.006185280464709254,0.005737013275596264,0.004492838963236853
2023-01-17,-0.0009775300820829686,-0.0008251761593389191,-0.001660083497487979,-0.0018178828012267172,-0.001160904846942686,-0.0008251761593389191,-0.0021897165939375575,-0.0022003044135298694,-0.0016126655358615599,-0.0008251761593389191,-0.0013505851904742376,-0.002161923082559546
2023-01-18,0.001327538032821312,-0.00010200167919113103,0.0004912247054279458,0.0010589303147478823,0.0004151330443832849,-0.00010200167919113103,0.0007959795559476132,0.000905589822346236,0.00010472366453383961,-0.00010200167919113103,0.0009764656111037142,0.0010349122828311162
2023-01-19,0.004317896916261591,0.00352059417590147,0.0030009976257675064,0.004194462651103338,0.0029965654063106436,0.00352059417590147,-0.0010828512456500204,0.003699125821630228,0.0027788519973604687,0.00352059417590147,-0.0019470165341520637,0.00396934780752525
2023-01-20,-0.001884397961609163,0.0003013956792245654,-0.0021210972786039318,-0.0023282845411810283,-0.001088363298909285,0.0003013956792245654,-0.0022669954288973035,-0.001957593319232934,-0.0008210644633720177,0.0003013956792245654,-0.002299210221645981,-0.0020390409075782268
2023-01-23,0.0012702593912173594,0.0019108577586697277,0.0022847492205030576,0.001359913389892803,0.0025479352050487417,0.0019108577586697277,0.004671304524481905,0.0018613912989340492,0.003029872038880157,0.0019108577586697277,0.004697646103537338,0.0016717289353801099
2023-01-24,0.0030790767047304823,0.0051410026155159,0.00391585801980934,0.002305645289317613,0.004835053959498394,0.0051410026155159,0.006421740882168231,0.0026718955615949833,0.00494421431481457,0.0051410026155159,0.007621670366314409,0.002229465422342613
2023-01-25,-0.004538296520489334,-0.00451552163883285,-0.005850012191328478,-0.0053592645482406056,-0.005954604580768336,-0.00451552163883285,-0.006292676848301456,-0.005683701531279672,-0.007199663635532669,-0.00451552163883285,-0.006231969012612107,-0.005687179925219591
2023-01-27,0.0010937091569409418,0.0015743732361406517,0.002258068073210074,0.0012856974306305578,0.003174043525805418,0.0015743732361406517,0.004333937278127879,0.0020569669418643746,0.004129106124103987,0.0015743732361406517,0.005206187216060327,0.0018579205882894646
2023-01-30,0.0018650603299131127,0.0014240200796723221,0.002191289691087421,0.002185576698153249,0.0015172314831037894,0.0014240200796723221,0.0022205240313345814,0.0014754957854555782,0.0012021841350972002,0.0014240200796723221,0.00194613098682012,0.0015550452809923677
2023-01-31,-0.0025095093983221557,-0.004986820741688245,-0.0029669538423684385,-0.0025189155646435316,-0.003409663930244442,-0.004986820741688245,-0.004595675945971197,-0.002857148885128574,-0.004011167245699615,-0.004986820741688245,-0.005195531208457016,-0.0028483102917341075
2023-02-01,0.0033392637135962054,0.004616564184039308,0.004409371776631582,0.0037019377242936686,0.004478246845950252,0.004616564184039308,0.00594685382949745,0.004139270736932614,0.004841722368102461,0.004616564184039308,0.0064957933775103656,0.003992670498157305
2023-02-02,0.004314154945215324,0.005213470016242771,0.004726885915503776,0.0042983152570620665,0.004604266643155486,0.005213470016242771,0.006237281031478273,0.004332925028711447,0.004822610455906521,0.005213470016242771,0.005857931886400305,0.004432942023015867
2023-02-03,0.008076064974516751,0.007505727709739108,0.007396015627398773,0.006469129586092596,0.008745388025730485,0.007505727709739108,0.007727221361430278,0.005817117814551711,0.008521670734483714,0.007505727709739108,0.011733975314553594,0.005756727577792634
2023-02-06,-0.004325238677245678,-0.008420763155957443,-0.0032033866796457307,-0.0026047808059642577,-0.0036715305277187824,-0.008420763155957443,-0.003171851646521494,-0.0023719208177857866,-0.0025879165612880447,-0.008420763155957443,-0.00404517837242423,-0.002427078984974392
2023-02-07,-0.004656362317430069,-0.004700724605804303,-0.0033512745941678464,-0.00320383430786316,-0.004118884959729873,-0.004700724605804303,-0.002803901528622945,-0.002435977384324952,-0.0033701765503567588,-0.004700724605804303,-0.0036348607173260707,-0.002458858125655639
2023-02-08,0.003083367642545513,0.0024890314276333867,0.004461651664676279,0.0036579749531133123,0.0036695768831708267,0.0024890314276333867,0.0058502725874924515,0.003897563704496313,0.0033936599917690487,0.0024890314276333867,0.005705534147873144,0.003496549618816831
2023-02-09,-0.0035739645663377386,-0.004729522716296294,-0.003529418141272305,-0.0027492703740736647,-0.004682730818262994,-0.004729522716296294,-0.004716789288235842,-0.0028762560255103102,-0.004805682947607618,-0.004729522716296294,-0.006194746758496584,-0.0026905376202152006
2023-02-10,-0.005949698303430886,-0.007000798031001019,-0.0068926135084479406,-0.006239556893836496,-0.007115639060232386,-0.007000798031001019,-0.008539441358111102,-0.006599371317357251,-0.007392226587774106,-0.007000798031001019,-0.008338513618323667,-0.006307094373770547
2023-02-13,-0.002399272055453872,-0.0023486083562509518,-0.00174674094422799,-0.0018783001761381807,-0.002153001221226454,-0.0023486083562509518,-0.0019239960179650553,-0.001751038681129688,-0.0021047995776627814,-0.0023486083562509518,-0.0023840462251671158,-0.0018178020615545148
2023-02-14,0.004132707727396751,0.004153980708855576,0.004878525586656112,0.003949927041008,0.0045511484859555185,0.004153980708855576,0.006938735194108567,0.004070232538703102,0.0044793932831243485,0.004153980708855576,0.007587882070004298,0.003934962546180758
2023-02-15,-0.0030613913066146353,-0.003953513382087805,-0.0026837333389374113,-0.002629441422644829,-0.0036020236303501265,-0.003953513382087805,-0.0024388657627866283,-0.003077368192462182,-0.0032631851903765913,-0.003953513382087805,-0.002204141611864422,-0.002841233853105405
2023-02-16,0.005322128436671368,0.008063020223574907,0.005853645444029105,0.0046974703245407454,0.0082639553883441,0.008063020223574907,0.007835618665356247,0.005659174677735148,0.009965695642214365,0.008063020223574907,0.009825869775746334,0.005501062184380306
2023-02-17,-0.006980967900502984,-0.008139184176144202,-0.007292421639095416,-0.006474832018067609,-0.008044598862810412,-0.008139184176144202,-0.0095026855654041,-0.006813649737938248,-0.008092858410875375,-0.008139184176144202,-0.010211047083116705,-0.006647103507121768
2023-02-20,4.953243999405229e-05,-0.0008605758187170329,0.0003297559388950748,0.0005987266725178481,-0.0010711649870162917,-0.0008605758187170329,-4.446622109639874e-05,0.000448848759144115,-0.0021501127675129044,-0.0008605758187170329,-0.0014259692335204586,0.000352568882657794
2023-02-21,-0.00242399602777095,-0.0028824433282483007,-0.0029411534007377973,-0.002579729286362061,-0.002930469040391047,-0.0028824433282483007,-0.0032224886298949326,-0.0027462338752448777,-0.0031255464191454097,-0.0028824433282483007,-0.0033416847411353793,-0.0027275390925099873
2023-02-22,-0.003392378670295992,-0.0033678915589496743,-0.00339847066710573,-0.003341036662083964,-0.0034594050633622066,-0.0033678915589496743,-0.005120699449663372,-0.0036576828735901856,-0.0037247568075289704,-0.0033678915589496743,-0.004962772739248286,-0.003738061786804926
2023-02-23,-0.0002165946751539602,0.00028771140187455177,-0.0004450858740185209,-0.0004386342296350168,4.2886453801894875e-05,0.00028771140187455177,0.00017572029399689576,-0.00029829964152425724,0.0007475579452294357,0.00028771140187455177,0.0007626437286595015,-8.870148970546253e-05
2023-02-24,0.0011902537653861152,0.00043680469859063895,0.0005070214449597176,0.0005830916868603605,0.0010790739869629311,0.00043680469859063895,0.0003599513591612734,0.00011749891846795168,0.0006792010196538987,0.00043680469859063895,0.0008950731857082739,0.00014121357586780318
2023-02-27,-0.00466514263155801,-0.007046927255368352,-0.0033049788482429126,-0.0026713129585976872,-0.005134089252774619,-0.007046927255368352,-0.004678807642575552,-0.0027577371074655604,-0.004323626042472503,-0.007046927255368352,-0.005645307117355394,-0.0024709362403216124
2023-02-28,0.003274350858524841,0.005338570876018057,0.0033826263735481196,0.0026041777626302567,0.0042319956292209155,0.005338570876018057,0.004160761284371865,0.0027252896622860325,0.004289343503261092,0.005338570876018057,0.0055667216338693174,0.0024935612940372503
2023-03-01,-0.00038999212125970776,-0.0006714139061180458,-0.0008962750607397964,-0.00018577752957028412,-0.0015643079449731924,-0.0006714139061180458,-0.0017540414284730537,-6.348091111917355e-05,-0.0018397620114597058,-0.0006714139061180458,-0.003750981142455525,-1.198513848451048e-05
2023-03-02,-0.002423996571028676,-0.0017340310122424564,-0.0027205046731556505,-0.0024792241935755574,-0.0019277814053238892,-0.0017340310122424564,-0.0036712938057601122,-0.0021235347938884114,-0.0016064371846918892,-0.0017340310122424564,-0.004367862560184785,-0.002101238934658089
2023-03-03,0.0024297715470107985,0.0019328417825790955,0.004003932051264545,0.00332686347417687,0.003828403529457346,0.0019328417825790955,0.005611411291773682,0.00386490738332319,0.0043368789962176,0.0019328417825790955,0.00538372636757526,0.00361889271427716
2023-03-06,0.009176147456084022,0.009423662232670646,0.01091328385296193,0.00980716616304879,0.010233748407647245,0.009423662232670646,0.012627532739030207,0.010016768871091604,0.010608126481767868,0.009423662232670646,0.013103473418721668,0.009828458665542312
2023-03-07,0.004324869790685988,0.004420696135436692,0.0045569429463209596,0.004318356553128147,0.005285413524501629,0.004420696135436692,0.004304740273470666,0.004580148863553313,0.006001715281065813,0.004420696135436692,0.005122379324559613,0.004530217263888898
2023-03-08,-0.005330901333094306,-0.007502065454914915,-0.006385113553115621,-0.005449140034672363,-0.005969691738527085,-0.007502065454914915,-0.008404457499832076,-0.005996919574922695,-0.005802368630239335,-0.007502065454914915,-0.007755966751849937,-0.005698156247275115
2023-03-09,0.0015724705254553971,0.0026085306333411508,0.0011371217275257977,0.0010744307057056124,0.0021316832329405927,0.0026085306333411508,0.0017203889862916243,0.0013445025597375547,0.002191201912930922,0.0026085306333411508,0.0022773751686254156,0.0011835577238227227
2023-03-10,-0.008897024733218016,-0.013548559596278478,-0.011251740404088221,-0.00802695937726511,-0.01610759605211648,-0.013548559596278478,-0.017037170409942858,-0.010524691931646925,-0.018721324703601668,-0.013548559596278478,-0.020840808123423423,-0.00951919441416989
2023-03-13,0.0019025158367205275,0.0022927423133868594,0.003474814006125011,0.003765519634524828,0.00010319800180282992,0.0022927423133868594,0.0025563389328608506,0.0036690232218205966,-0.00045692564812749553,0.0022927423133868594,-0.0008576401427323131,0.0038585260166433505
2023-03-14,-0.0054130611380648315,-0.00832156563555477,-0.006634499882512085,-0.004548833151714903,-0.010281501973707585,-0.00832156563555477,-0.010889176743315548,-0.006323240348623675,-0.012307644818395693,-0.00832156563555477,-0.013855151593821028,-0.005675552140536631
2023-03-15,0.003240537781029402,0.004534089868219097,0.004357201082908932,0.002476885886491238,0.005864887173820295,0.004534089868219097,0.007372576614433846,0.003082873052438947,0.006230007362404612,0.004534089868219097,0.008654212619592816,0.0024994283165845625
2023-03-16,-0.0008385960723506339,-0.0036864481975868333,-0.0016903256375075987,0.0002220627674543208,-0.004695272930249957,-0.0036864481975868333,-0.005021409955399322,-0.001169076892582621,-0.0054961380938557715,-0.0036864481975868333,-0.007006920303884719,-0.00031347891485685397
2023-03-17,0.0014700874388467286,0.00203337340134762,0.0030702951127109983,0.0022710636731687987,0.0023833226807527543,0.00203337340134762,0.005368314369413865,0.0031018118812572316,0.0024635581456502365,0.00203337340134762,0.004228325342727875,0.002712370138243269
2023-03-20,-0.003168167483397404,-0.00686330901593297,-0.0037707738107212894,-0.001435735445987845,-0.008210916400075206,-0.00686330901593297,-0.008249582102012942,-0.0031861889937715615,-0.009883662151098163,-0.00686330901593297,-0.013092805893247362,-0.002476175849506726
2023-03-21,0.006036293896487272,0.006791217447818655,0.007460856002742606,0.0063403442834991715,0.007978484993357977,0.006791217447818655,0.009584988747071494,0.00679695686275142,0.00859114001509894,0.006791217447818655,0.010358196122348192,0.0063863307182157325
2023-03-22,0.0016811018912562302,0.0022148341908538403,0.0029388657089868043,0.0015367889670869395,0.005703088040751668,0.0022148341908538403,0.0067769617604705465,0.0032848092488634586,0.007719679103610905,0.0022148341908538403,0.009606992035831187,0.0028538175605146722
2023-03-23,-0.0024076936482384736,-0.002000565806553656,-0.0036879966035185834,-0.0021303824047724453,-0.005516634885574354,-0.002000565806553656,-0.006909758078820502,-0.002793316955394827,-0.006646063480240371,-0.002000565806553656,-0.009796105491731062,-0.002237207687582009
2023-03-24,0.0024186747994171713,0.0026915756925729724,0.0026004830484124717,0.003175247520736517,0.002128453399612263,0.0026915756925729724,0.0014939971922381043,0.003098333690835793,0.0029096762829178705,0.0026915756925729724,0.0006469840355718992,0.003456387664537309
2023-03-27,0.0030488211898573327,0.001718573199945145,0.0034611867863897938,0.002931024388824339,0.003767463485301015,0.001718573199945145,0.004852364825695702,0.002769469696672191,0.004177554983949029,0.001718573199945145,0.0061216698231207805,0.002718535983911139
2023-03-28,-0.0014158383909632928,0.0006020111490644451,-0.001921978745205894,-0.0028448920951170777,0.001004199791645035,0.0006020111490644451,-8.219489108805761e-05,-0.0022285898463833696,0.001178173470535205,0.0006020111490644451,0.002073047052579481,-0.0028137623813797937
2023-03-29,0.0006615297988279814,0.001093349671228756,0.0012600827241611991,0.0008585315617724578,0.0013397123581879579,0.001093349671228756,0.0017957052660297842,0.0013741977996994,0.0017114170881568776,0.001093349671228756,0.001130641365302373,0.0012278722115611818
2023-03-30,0.005031241838506317,0.005887731754148097,0.006278383421151648,0.005329656122098189,0.007608782168320659,0.005887731754148097,0.008473790626633506,0.006103954871893335,0.008551545997898029,0.005887731754148097,0.009721336178639682,0.005717874771469379
2023-03-31,0.004955883573122116,0.005623296372396949,0.005785918019356597,0.005236932496465422,0.006223531016439899,0.005623296372396949,0.006676245615417419,0.005771083135248214,0.00665408309993868,0.005623296372396949,0.006200890957658343,0.005589787979646508
2023-04-03,0.004549267711995319,0.004676667960985148,0.0045226376284455225,0.0037580068231153085,0.00646689161495792,0.004676667960985148,0.005875267306560663,0.0038943505964415264,0.007252713827738752,0.004676667960985148,0.008840904021293004,0.00372952004378396
2023-04-04,0.0018875822721436928,0.002632575728551982,0.0013681865328016244,0.0011132788611871974,0.0005406602331313356,0.002632575728551982,0.0018044193984517547,0.0005607748177137727,-0.0009711460642586763,0.002632575728551982,0.0012059459818992264,0.0004155672532589678
2023-04-05,0.0012128065865148227,0.0028756648708894716,0.0015144353248334659,0.0023212241986876898,0.0013856755098661494,0.0028756648708894716,0.0003057787221005453,0.0025360200421755846,0.002354614734168522,0.0028756648708894716,-0.0020623606298756933,0.002919466208501228
2023-04-06,-0.0005486239777325072,-0.003717909108685191,-0.0011271142906376394,-0.00031047649369270294,-0.0023889390089276985,-0.003717909108685191,-0.0026277652063582883,-0.0010836886290301311,-0.003250864524916549,-0.003717909108685191,-0.003361492800099889,-0.0009337500720451754
2023-04-11,0.004510441911834596,0.006432211675927339,0.00494910804229809,0.003788026356129884,0.008243391994310767,0.006432211675927339,0.007386748285988723,0.004971665713942833,0.009832429022728444,0.006432211675927339,0.009898866102346445,0.004537507749170446
2023-04-12,0.0018645913617013326,0.0037211362670364007,0.0023700750644596743,0.001978161596799159,0.0032676307031691055,0.0037211362670364007,0.0027493563804501645,0.0023223566446070225,0.0038044437980480324,0.0037211362670364007,0.0029021942538351646,0.002177040573783821
2023-04-13,-0.0026885676468533007,-0.002498788855622887,-0.003123174511122503,-0.0030117112912898137,-0.0032842620013210696,-0.002498788855622887,-0.0029926700092267372,-0.003341918668291155,-0.003691557391623406,-0.002498788855622887,-0.0030977424836865935,-0.0032971549560891515
2023-04-14,0.0023646233425123546,0.003632973077862733,0.0032051531597331495,0.0023204471161040576,0.003318177022404417,0.003632973077862733,0.005107837811551362,0.0027820703351644784,0.0030635187810091626,0.003632973077862733,0.004647401851378113,0.002381618654336188
2023-04-17,0.0014902322312543095,0.002261071792595553,0.0019370762788422885,0.0012224057546729682,0.0037298104461168063,0.002261071792595553,0.0027595697192521144,0.0019366293856551693,0.005150212042887191,0.002261071792595553,0.005043986024170725,0.0018802746624048564
2023-04-18,-0.0032926608062860945,-0.0032216062205607165,-0.00290269276301798,-0.0033622854915013028,-0.0028147446027075515,-0.0032216062205607165,-0.00177704651314794,-0.003256180890108855,-0.002806998029329199,-0.0032216062205607165,-0.0012979973363347916,-0.003375130065776779
2023-04-19,-0.0002496928408580438,-0.0009956587667320656,1.4702107220890006e-06,0.00013629043311017523,-0.0004368685364614739,-0.0009956587667320656,-7.039315849559672e-05,0.00010370752553759878,-0.0007223943481401386,-0.0009956587667320656,-0.0004911649932442898,-2.2604606357566522e-05
2023-04-20,-0.00044014862283352625,-0.0002941041516953109,-0.00037027047655576096,-0.0005860094571697671,-0.00018769873372828647,-0.0002941041516953109,-0.000455766211903301,-0.000691138255906292,-0.00025932668330548385,-0.0002941041516953109,0.0005054645430218198,-0.0007817685917372401
2023-04-21,-0.0005815976673520892,-0.0018101259711083278,-0.001165123115549772,-0.0005127569555565517,-0.002196691818480912,-0.0018101259711083278,-0.0018614043101008208,-0.001234943832312953,-0.0026187240496439355,-0.0018101259711083278,-0.0025992039377174133,-0.0009491774638080223
2023-04-24,-0.0002759322217154722,-9.321996345086315e-05,-0.0004788106146405919,-0.0007301708902144194,0.0003107607046530888,-9.321996345086315e-05,-0.00038097540738939303,-0.000914889033241377,0.000639167337040961,-9.321996345086315e-05,0.0007025943494579078,-0.0008527732314373199
2023-04-26,0.003939574165682929,0.0027169634363827713,0.0035970802562772628,0.004700860023776083,0.002321956869204175,0.0027169634363827713,0.0009764449863492385,0.004063883939030679,0.0022336951858906886,0.0027169634363827713,-0.0001947805640807443,0.004484905881867641
2023-04-27,-0.0043935293674532624,-0.004030604355479391,-0.004387662068392872,-0.0042751304412772416,-0.004554518646524008,-0.004030604355479391,-0.0046032766234234655,-0.004176089260344233,-0.004630727615462413,-0.004030604355479391,-0.005302645839669895,-0.004150407832386445
2023-04-28,0.004764527290394323,0.005039050891896791,0.006167556148305717,0.004962409821794753,0.006526997003092339,0.005039050891896791,0.008484887611449986,0.005601051354950195,0.007472824506674385,0.005039050891896791,0.010179527797295768,0.005376384753423762
2023-05-01,0.003583062731126744,0.0036821364690165508,0.003734249031468215,0.0034129762886665866,0.0037508811219707228,0.0036821364690165508,0.004538734416423584,0.0035694796880323966,0.0036086530659761432,0.0036821364690165508,0.005134040489969702,0.0034698800903879457
2023-05-02,-0.007996211038762314,-0.00878276289655541,-0.007913441978708134,-0.007624274521306653,-0.009414206945651796,-0.00878276289655541,-0.007614924470512358,-0.007859066108994686,-0.010202883693260695,-0.00878276289655541,-0.009123052632681865,-0.007857738619306567
2023-05-03,-0.0007795562425273226,-0.002422528328490991,-0.0007395889780521745,0.0007464548880506385,-0.0033386562857194158,-0.002422528328490991,-0.003271463617760984,-0.00024131231687470013,-0.003562946126819863,-0.002422528328490991,-0.006186396312815388,0.00045456045683310174
2023-05-04,0.0009009467124866454,0.0028274626238587413,-0.000572639607124876,-0.00038376799840082867,9.445392526676597e-05,0.0028274626238587413,-0.0016188283028717512,-0.0009265959722351379,-0.00035329791102959695,0.0028274626238587413,-0.001700000004646891,-0.000730593639894246
2023-05-05,-0.0014714749249171294,0.0015519088935518166,-0.0033272615463304446,-0.003616828066059952,-0.001064940537121445,0.0015519088935518166,-0.0033940857165145823,-0.0036642286826805274,-0.0014813861552999661,0.0015519088935518166,-0.002379119694351279,-0.003676486691548805
2023-05-08,0.0028924536556477775,0.0036871248072320507,0.003455226385348399,0.002124337904946199,0.0051824074244132155,0.0036871248072320507,0.006380942281694301,0.0028893791165616237,0.005621304151413094,0.0036871248072320507,0.008748999817398342,0.002315614516443356
2023-05-09,-0.0013837743164805713,-0.0024424719217323258,2.733740892862049e-05,-3.267815535087857e-05,-0.001267881950942808,-0.0024424719217323258,0.0004804050425862404,0.00026270856657069325,-0.0012226013517875026,-0.0024424719217323258,-0.0005249142327520812,0.00010183227554830392
2023-05-10,-0.0008301140032463286,-0.0006706795828233204,-0.0012110428700990987,-0.0013588015928927089,-0.0008510950209201442,-0.0006706795828233204,-0.0013029972231305398,-0.0016688034336064135,-0.0010641519647902984,-0.0006706795828233204,-0.001211695788276741,-0.001675411807292543
2023-05-11,0.002179275701302628,0.0015493577274192667,0.002129658522750582,0.0022998255708140923,0.001808140895047622,0.0015493577274192667,0.002384875852964569,0.0020896818418185675,0.001692894883506218,0.0015493577274192667,0.002222202389217465,0.002135047838558621
2023-05-12,0.0037649116461077213,0.0026984218306034882,0.0035324073880185058,0.0039685884210519246,0.003596410704308459,0.0026984218306034882,0.0027084503283918396,0.00374910508525842,0.004141458521596899,0.0026984218306034882,0.003761630820012558,0.003999506444053361
2023-05-15,-0.00131210316001308,0.0007486310812152195,-0.0007648457177990535,-0.001485765366706197,0.0007579946593010783,0.0007486310812152195,0.00012131037822893419,-0.000750903910569148,0.001631524893973854,0.0007486310812152195,0.0007205646331503413,-0.0009249271896237085
2023-05-16,-0.0006937884458006401,-0.0017346439175631317,-0.00012228702172868252,0.00019665331554198623,-0.0014690298063251017,-0.0017346439175631317,-0.000595490059218345,0.0001991429358210751,-0.0014718717214688337,-0.0017346439175631317,-0.0013953549163102554,0.0003242283165474945
2023-05-17,-0.0026827277102524564,-0.004163499418146221,-0.0026438644016375658,-0.0022960086973072393,-0.0032211205564304187,-0.004163499418146221,-0.0031322564171579158,-0.0023436706256760196,-0.002964926592709567,-0.004163499418146221,-0.0030726393578256158,-0.0021525909069540243
2023-05-18,0.0019395748532161695,0.0020222543879714477,0.0026600404299536805,0.001858216033445949,0.0037801250671055547,0.0020222543879714477,0.0045779097087933615,0.0024492873995822003,0.004367456158115101,0.0020222543879714477,0.005693281847251492,0.002133160353250428
2023-05-19,0.0014701100691181111,0.001776787502254641,0.0027789261301105423,0.0015031195926565723,0.004088402399272169,0.001776787502254641,0.005406260288568733,0.002252252397649431,0.004829974745554792,0.001776787502254641,0.0068777134657637025,0.0017678947436390094
2023-05-22,-0.0002626982209762191,-0.0009568718951777349,0.00015015885303805334,0.0005145535983012899,-0.0008161658903118175,-0.0009568718951777349,-0.000579599916131875,0.0005022412818776026,-0.0007984668106411408,-0.0009568718951777349,-0.0017321433324887596,0.0006434828063253022
2023-05-23,-0.0012648570596184411,-0.0001650995978882087,-0.0011515149320977015,-0.0018085367186987703,-0.0006343990427677286,-0.0001650995978882087,-0.00028800826837712215,-0.0015790748098149384,-0.0006559278546015935,-0.0001650995978882087,0.0010022864153753914,-0.0017625976264918596
2023-05-24,-0.002954655237877752,-0.004080723571397128,-0.002995219234342535,-0.0017276289260729659,-0.004601612508991692,-0.004080723571397128,-0.005579814601199145,-0.002324431767216366,-0.004653127871976374,-0.004080723571397128,-0.007818571035099546,-0.0018966241412396467
2023-05-25,-0.004218796392000786,-0.005956054014330262,-0.0039484052660445496,-0.0035721865839958575,-0.004697952303035938,-0.005956054014330262,-0.004383746121444487,-0.0038764051377777296,-0.004124380746049014,-0.005956054014330262,-0.004249926548450362,-0.0035386167427231075
2023-05-26,0.00016050134342153943,0.00045241858657620195,0.000850707507447565,0.0005570049699309609,0.001045050277217986,0.00045241858657620195,0.0016903228226028653,0.0011725543432253894,0.0014796827877866926,0.00045241858657620195,0.0020100563241068257,0.0009684482445733473
2023-05-29,0.0062237187764573355,0.007747603342243401,0.007523285673239232,0.005858477470281046,0.008695508854911506,0.007747603342243401,0.010251350948148708,0.006545288728377943,0.009164982503201701,0.007747603342243401,0.011986969700064262,0.006039948135409016
2023-05-30,0.00019727084824450406,-0.0017302738514886917,0.0002867747508606295,0.0007965902957644985,-0.00021125536650498428,-0.0017302738514886917,-3.404915063472485e-06,0.0007783180983990624,4.064973603220678e-05,-0.0017302738514886917,-9.464557704294716e-05,0.0009158524352010336
2023-05-31,-0.0025403954918318808,-0.0046095545906958595,-0.002841358299954264,-0.0009419033909208269,-0.00678244386079956,-0.0046095545906958595,-0.006102124889913587,-0.0025665421064980927,-0.007738573288123916,-0.0046095545906958595,-0.009248201140132313,-0.0017883933553675699
2023-06-01,-0.0007157529102303527,-0.00026775860400528594,-0.0013188602627426892,-0.0015142818577965587,-0.00014793132844969636,-0.00026775860400528594,-0.0006738022428119574,-0.0013217029915957228,-0.0001508613723019337,-0.00026775860400528594,-0.0006087442399352883,-0.0013382501791108625
2023-06-02,0.0028963817675149352,0.0052738517326501875,0.0027548438169378584,0.0020958428128530758,0.003451611590411101,0.0052738517326501875,0.004369042717221358,0.0025932627223317884,0.003305011771410642,0.0052738517326501875,0.004475414994984136,0.002445169374653749
2023-06-05,0.0019846137203723083,0.002325405381488418,0.002925790982842268,0.0012276329970861437,0.005643696832103421,0.002325405381488418,0.006226035084858472,0.002181101239742284,0.0065567478474853925,0.002325405381488418,0.009534999386542132,0.0015027911082586042
2023-06-06,-0.004411704969829834,-0.003033666670563881,-0.004300012103032117,-0.003708207677227635,-0.0061863100708303255,-0.003033666670563881,-0.004771443231996361,-0.0035386781374979934,-0.006191270957075949,-0.003033666670563881,-0.0066232964084194206,-0.003074119001827478
2023-06-07,-9.159656103109084e-05,-0.0012542848889663867,-0.0002920801619374557,-0.00013817485041227936,-0.0007482428413225914,-0.0012542848889663867,-2.7630986966386695e-05,-0.0005066603078950629,-0.0011702657930702921,-0.0012542848889663867,-0.00044041224563298953,-0.0004497217343568123
2023-06-08,-0.005351283301083952,-0.006103238790750191,-0.004326530067864945,-0.004066398234972074,-0.004681616165138253,-0.006103238790750191,-0.004501356154420653,-0.0033394796642510272,-0.004152328346494305,-0.006103238790750191,-0.005074317361559794,-0.00346909809518816
2023-06-09,0.0029866528253525084,0.003057300595932733,0.0033129674358945214,0.003102122583353928,0.0028981395391469086,0.003057300595932733,0.0037779878769448882,0.0031539519585875413,0.0025927677382005772,0.003057300595932733,0.003183892619101263,0.0030520819645784808
2023-06-13,0.0022686912140504716,0.001024383220333663,0.002488401094190777,0.0020213350129727747,0.002340851136066821,0.001024383220333663,0.004169845122135685,0.002190172106393454,0.002198682261105473,0.001024383220333663,0.004081602059721938,0.002107305286837844
2023-06-14,0.00032448145566309325,0.0009035809854080028,0.0016336296838388243,0.0009296359219981189,0.0017329815775518516,0.0009035809854080028,0.0026803250028476686,0.0016333845567142076,0.0019733026092796156,0.0009035809854080028,0.003947537912225466,0.0011702002299480722
2023-06-15,-0.0015826170305878924,0.000618439804720313,-0.001926816679921785,-0.002467754389690352,-0.0009401499159054065,0.000618439804720313,-0.0015566167812761332,-0.0018629133246046974,-0.001117856525079439,0.000618439804720313,-0.0005470266804673399,-0.002091248050589526
2023-06-16,0.005389070908940383,0.006708511612057136,0.005240464489817295,0.0045834846252428285,0.006499597328423077,0.006708511612057136,0.006744677451045109,0.004858455732297404,0.0062528888053345315,0.006708511612057136,0.007412868663286806,0.004491820307380379
2023-06-19,0.0013338483415383394,0.001267621226629937,0.000654187928734426,0.0007972139626712526,0.0017484726869553503,0.001267621226629937,-2.7014389200101132e-05,0.0006050552278298264,0.0016069508149181323,0.001267621226629937,0.0006350223242708678,0.0005417059684429282
2023-06-20,0.0021579091299836345,0.0033363315935131675,0.002303895447812337,0.0018102665547466803,0.0041280606573520385,0.0033363315935131675,0.002209643376210183,0.0021819419298281196,0.004630421639160538,0.0033363315935131675,0.0038814703151813356,0.0018838724718772172
2023-06-21,-0.0007408098571991195,-0.0020161810876552725,-0.001181897984343034,-0.0008675810656561744,-0.0019563693167257176,-0.0020161810876552725,-0.001554577506788318,-0.0015149596911782684,-0.0022176977733633536,-0.0020161810876552725,-0.0012046934602362284,-0.0013230726293988967
2023-06-22,-0.00574734009750194,-0.009224021200775078,-0.00536519382426223,-0.00384114282526456,-0.009003301047499473,-0.009224021200775078,-0.0075013556482634094,-0.004457790318861178,-0.009314749003468162,-0.009224021200775078,-0.010461023380837585,-0.0038183456042425214
2023-06-23,-0.0038556318901532337,-0.0074954275210066,-0.0021089255142422623,-0.0016048498081103846,-0.005163794896974071,-0.0074954275210066,-0.002207845313609754,-0.001902308520274472,-0.00484251530852279,-0.0074954275210066,-0.003914250975583699,-0.0016313827222284995
2023-06-26,0.0009521639592714808,0.0005848395833658813,0.0009379778653563294,0.0015834383118925007,3.444708005660004e-05,0.0005848395833658813,-4.166432282249409e-05,0.0014130289082703706,0.00016408236881124748,0.0005848395833658813,-0.0007695138088907353,0.0017220618104958584
2023-06-27,0.0011108323646263406,0.0029406843372063395,0.00045814544115676224,-3.4216067410101964e-06,0.0015524074656780354,0.0029406843372063395,9.490330370709925e-05,9.905625648391925e-05,0.0009794607445564544,0.0029406843372063395,0.0011626949989515525,-0.00013070987265000422
2023-06-28,0.006746272363315348,0.008192740994232367,0.007910195277382508,0.006838575149991981,0.00989705637695955,0.008192740994232367,0.009476781964337487,0.007584470576104727,0.011384066491185152,0.008192740994232367,0.011955539779138689,0.0072280541418585035
2023-06-29,0.0020539481947102534,0.0030079446272971966,0.0017811274275460847,0.001484844610460626,0.0030965187781529023,0.0030079446272971966,0.00276968609418548,0.0015098452098866626,0.0038554375967968595,0.0030079446272971966,0.004314566671769092,0.0015403312633549774
2023-06-30,-0.0012124583081489265,-0.001227440477206381,7.494865595690734e-05,-0.0005175462878048521,-0.00017485384423486766,-0.001227440477206381,0.0009736012745221206,7.058851253530982e-07,-3.112613198121238e-05,-0.001227440477206381,0.0006035654097229214,-0.0002765828517534513
2023-07-03,0.0041856040723100155,0.004667574017680875,0.004893995035165056,0.004164453062721915,0.005415044041035844,0.004667574017680875,0.00664414627584461,0.004511348385330667,0.005695492296263703,0.004667574017680875,0.0069694700773078044,0.004245705849355053
2023-07-04,0.0017407484029092677,0.004037300240114046,0.0014608916689159658,0.0011852016504992683,0.0029987779592546143,0.004037300240114046,0.001840435410251889,0.001642341381717178,0.0036796215375700944,0.004037300240114046,0.002396867380965879,0.0016566277558793725
2023-07-05,-0.002028921011095934,-0.0023692086906270285,-0.0022654032672618295,-0.002153803054728029,-0.0031027606351714896,-0.0023692086906270285,-0.0025048672419698027,-0.0024867759014786076,-0.0037668279295407408,-0.0023692086906270285,-0.002654104623917198,-0.0024959583157421346
2023-07-06,-0.006452797121962801,-0.006995759016164028,-0.005870808374264535,-0.0057825581106276565,-0.007015593741506318,-0.006995759016164028,-0.005986828847638684,-0.006102955802546451,-0.006823798408213546,-0.006995759016164028,-0.006894213280051949,-0.00582814180720078
2023-07-07,-0.008660010929148275,-0.010650214815275928,-0.007341630702397982,-0.00646246538059322,-0.010107605027001363,-0.010650214815275928,-0.00819284594521525,-0.00660086847685696,-0.009858565892295773,-0.010650214815275928,-0.01029762544423234,-0.006294364238778847
2023-07-10,-0.0029888000190715224,-0.0028867557336733954,-0.0034939580648187343,-0.0030008604465970945,-0.004110854661060101,-0.0028867557336733954,-0.004375025799489301,-0.003276884008859963,-0.0044353974587464165,-0.0028867557336733954,-0.005156056191428328,-0.0030982495383511696
2023-07-11,0.007298706875665479,0.009223580144999613,0.006562071616840218,0.0059216545555856375,0.009131184860100096,0.009223580144999613,0.00765223000254116,0.006392330445379298,0.009556477782699847,0.009223580144999613,0.008956007029307628,0.006158187708791342
2023-07-12,0.0032697857804058323,0.0040040432534670534,0.003968108160968097,0.0034262569432487915,0.003749040743743574,0.0040040432534670534,0.004740574571583128,0.0036853050476334183,0.0035983539582032016,0.0040040432534670534,0.004956028447838198,0.0033875283013271207
2023-07-13,0.006792695088367639,0.010142331943049757,0.00538669667465848,0.004309649583039361,0.008237028295556646,0.010142331943049757,0.006773248816552823,0.004494400213480204,0.0076591463589856775,0.010142331943049757,0.008854945084410242,0.0041143823081516515
2023-07-14,0.003834999210363139,0.00422884540546407,0.002400156262886713,0.002208900417939599,0.0035155116261636715,0.00422884540546407,0.002574006918768922,0.0020326437512613515,0.0026432903107834107,0.00422884540546407,0.0033887584771203584,0.0018583701856875446
2023-07-17,0.0007480391285199662,0.0005151690456186324,0.0015564687788670976,0.0016373901542002082,0.0014758896254719411,0.0005151690456186324,0.001590184217952657,0.0017697772364383426,0.002326772966929871,0.0005151690456186324,0.0017631834663608009,0.0018386475339601876
2023-07-18,0.00047486486302010034,-0.0013519100249004242,0.0014895102873577499,0.0017129312898487904,-0.00024397277797260728,-0.0013519100249004242,0.0013989490950925057,0.0017676888116965046,-0.0004086444956516288,-0.0013519100249004242,3.090609931162301e-05,0.0017745744942935277
2023-07-19,0.006393142311842408,0.006255925133808772,0.00781466245752423,0.007180988398282683,0.007338702102946578,0.006255925133808772,0.008686062198503536,0.007083861819657475,0.007580305549990093,0.006255925133808772,0.008714801854506574,0.0068729187820503156
2023-07-20,-0.0006140410503278973,-9.448550636623447e-05,-0.0005357994522082862,-0.0005297246158086482,-0.0006208864020462818,-9.448550636623447e-05,-0.00042845902434828116,-0.00029136547306283654,-0.0007462436102869057,-9.448550636623447e-05,-0.0006565658260173184,-0.00035021446325840246
2023-07-21,-0.002306243523356568,-0.0034442528404615,-0.001883716045807152,-0.0019315397151719676,-0.0021536188632482064,-0.0034442528404615,-0.002208816421310583,-0.002059437630868566,-0.0022493346426297827,-0.0034442528404615,-0.001947368511508823,-0.0021636858620594918
2023-07-24,0.0012994893988163149,0.001791223001969912,0.0014656018480117114,0.001327488285585189,0.0016377165728598654,0.001791223001969912,0.0012341489504816487,0.0014449228659028583,0.002186795417681103,0.001791223001969912,0.0021863846655971885,0.0015808585051165426
2023-07-25,0.0007521534542844838,0.0017894075755450357,0.0006514604244059072,0.0005491560127759971,0.0014529311980667264,0.0017894075755450357,0.0012442292236292366,0.0013448747646769342,0.0018446259149992022,0.0017894075755450357,0.001097826203728857,0.0012953878496289827
2023-07-26,0.0032686034577992487,0.0032592629242721746,0.0036592655494781193,0.00356366062182803,0.004284690076108647,0.0032592629242721746,0.0037639510359715454,0.004003473702879719,0.004434679297447978,0.0032592629242721746,0.004038775061813591,0.003678898861179998
2023-07-27,0.004079777849999932,0.007244467909949041,0.0027556911904748353,0.0019885038725735572,0.005424082653903486,0.007244467909949041,0.0033634162958168737,0.0019475261191066577,0.005609332906556999,0.007244467909949041,0.0052631897657957685,0.001927008597463929
2023-07-28,-0.0019260884577694713,-0.003257480629756118,-3.822898424891835e-05,0.00039109250256810676,-0.0006940011938588119,-0.003257480629756118,0.00013716285662536347,0.0012877644134162436,0.0016617072782984317,-0.003257480629756118,-0.00027920415663218787,0.001657591915320977
2023-07-31,0.001022795194667992,0.0015897387500356395,0.0010417995329752164,0.0008003841264633443,0.0013209975787743195,0.0015897387500356395,0.001727850813209845,0.0010250449489283922,0.00154452079824519,0.0015897387500356395,0.0015875444745882168,0.0010695568587463626
2023-08-01,0.0039713430071726345,0.0036095107818793775,0.003915799079027307,0.00372053175521207,0.004365687222055343,0.0036095107818793775,0.004074788408035494,0.0036121311194955716,0.0042709036964937615,0.0036095107818793775,0.0045020333847565494,0.003465243501711867
2023-08-02,-0.004942689993845284,-0.00818084093428725,-0.003829387341567972,-0.002907659892893112,-0.006398948940852876,-0.00818084093428725,-0.0051938662163229015,-0.003612167751844092,-0.006072832348473393,-0.00818084093428725,-0.007010652944848506,-0.00325620864095647
2023-08-03,-0.005321179962700597,-0.005335930518640171,-0.005806840141193366,-0.005292549670403865,-0.005507779143637936,-0.005335930518640171,-0.006886117400933317,-0.005125100493888867,-0.005098782511782324,-0.005335930518640171,-0.006858550598983986,-0.004890773181210561
2023-08-04,-0.0011615695045062596,-0.00040203658947682915,-0.0006061318772214352,-0.0009743558671540578,-0.000627502277480213,-0.00040203658947682915,0.00015883948642385503,-0.0007207690354825253,-0.0008199258021822683,-0.00040203658947682915,0.00019764610709451237,-0.0010496782761234501
2023-08-07,0.0003552613154167432,-2.4719100001671506e-05,-0.0011357628028472316,-0.0004008636739280337,-0.0012393173941170543,-2.4719100001671506e-05,-0.002735619120764352,-0.0009769625719531626,-0.0018556382365623634,-2.4719100001671506e-05,-0.0025874363099430493,-0.0006936167281150904
2023-08-08,0.001798487910920564,0.0001721690204728048,0.0025737681857143668,0.0027169661930172184,0.001639779914019089,0.0001721690204728048,0.0021852310268580784,0.0025036529698751605,0.0017825219129871345,0.0001721690204728048,0.0017125364596034924,0.0025397552711813455
2023-08-09,0.0013810894498448311,6.0796384965170925e-05,0.0006863824303120365,0.001002203258126086,0.0003311707740914397,6.0796384965170925e-05,7.615359003540573e-05,0.0007074906174203363,-0.0006492968484758503,6.0796384965170925e-05,-0.0001339258293152309,0.0005315727446474406
2023-08-10,-0.000958059526615337,-0.0001098337192608399,-0.001305114761229808,-0.0016271853423030168,0.00019509850593109093,-0.0001098337192608399,-0.0006603251993229874,-0.0013706736188126719,0.0005609700460007898,-0.0001098337192608399,0.0007320139251794002,-0.0015306026775937184
2023-08-11,-0.0013481387322665027,-0.000656585531790627,-0.001202214158811788,-0.0012875216962184711,-0.000630719364086752,-0.000656585531790627,-0.0007458220909600367,-0.0011724634433365581,-8.027262158960576e-06,-0.000656585531790627,-0.0004283135786610773,-0.0011121638344082504
2023-08-14,-0.004493560895841247,-0.005354947739652779,-0.003378375218774088,-0.0032441340143095176,-0.004687021402906912,-0.005354947739652779,-0.0037160608049407644,-0.0034549028482239474,-0.004514510490783013,-0.005354947739652779,-0.004348217723502949,-0.0034347007469758706
2023-08-15,5.8629307546230904e-05,-0.0010144123872510237,0.00019883632170623975,-0.0003718930780190869,0.0008220193865349445,-0.0010144123872510237,0.001988322793586646,-0.00019820809913505114,0.000747165122967655,-0.0010144123872510237,0.0022926803396378635,-0.0004556276911406596
2023-08-16,-0.004459134017649049,-0.0052894905283800645,-0.005096151987008082,-0.003765499040676824,-0.006914300507025162,-0.0052894905283800645,-0.00815900736043435,-0.004606198592349151,-0.007105972179865448,-0.0052894905283800645,-0.009285422093227611,-0.003975978781270752
2023-08-17,-0.003412628763795582,-0.001992268206989927,-0.0028164169836753733,-0.0029168369512735403,-0.002320549072119068,-0.001992268206989927,-0.0030479137491992324,-0.0025909681612198664,-0.0010556358213291619,-0.001992268206989927,-0.00236181202320772,-0.0023154614573592
2023-08-18,-0.00011389904534304068,0.000499979210591052,-0.0024534126929985074,-0.002019568085857972,-0.0015413344151917324,0.000499979210591052,-0.004302778629138353,-0.0027976901403230564,-0.002590342970876778,0.000499979210591052,-0.0036528830609138425,-0.002550226228337934
2023-08-21,-0.0018369750436942674,-0.0020385801402870267,-0.001453221268169627,-0.0016874033974042645,-0.0021530615538403156,-0.0020385801402870267,-0.0010305789914617862,-0.001986618789011343,-0.002317302569515743,-0.0020385801402870267,-0.0008889186565162953,-0.0020584251683629378
2023-08-22,0.0016753071669784573,0.0027813565347232375,0.0022065246484404125,0.0013534731687399376,0.0027527512482531714,0.0027813565347232375,0.003898199265336513,0.0014399387443067835,0.0031095090996007663,0.0027813565347232375,0.00433224967015907,0.0013379876686136188
2023-08-23,0.0019836938189380622,0.0028830489503457093,0.002075315231734415,0.001994882832010073,0.002209517876073926,0.0028830489503457093,0.0023387703065487473,0.002382740968562731,0.0022260998282638477,0.0028830489503457093,0.002362746691446099,0.002256454304038176
2023-08-24,0.006976459602301409,0.006525212966191361,0.007467100415584887,0.007165033128067567,0.006674945019605763,0.006525212966191361,0.008383710630454821,0.007325008298282089,0.006445654090846264,0.006525212966191361,0.00791288010528947,0.007315006350074092
2023-08-25,-0.0069339352325642105,-0.007349407912178658,-0.008122315805097638,-0.006718558440577667,-0.008446005861212042,-0.007349407912178658,-0.011101611952422442,-0.00720862146973514,-0.008437686669623102,-0.007349407912178658,-0.012011205408391588,-0.006686351251063428
2023-08-28,0.0032363853936784584,0.0030906625510914096,0.0036468696459121676,0.003008786390692678,0.004131608796032903,0.0030906625510914096,0.0047491390985332765,0.003278632198568885,0.004061280296115667,0.0030906625510914096,0.004869102420122906,0.0030385653345892747
2023-08-29,0.004478595768035462,0.005257223977359731,0.004963054967699596,0.004424742664035509,0.0055031911478578815,0.005257223977359731,0.00580812242837134,0.004868016549009712,0.005783644383160286,0.005257223977359731,0.006151120731022185,0.004682804454050373
2023-08-30,0.006795909965105477,0.008738208758716162,0.007338749888554563,0.006187376081131703,0.009298029536021208,0.008738208758716162,0.00941062387711721,0.00695060329386491,0.009853272458843251,0.008738208758716162,0.010878433319275084,0.006512364054542997
2023-08-31,0.0019907757513055067,0.0009005845873725408,0.0027717766220204504,0.0023083656290836217,0.0017810362835314773,0.0009005845873725408,0.003066881204642448,0.0018442834354304106,0.0009969809492056008,0.0009005845873725408,0.0029260301381038114,0.0015025464295336688
2023-09-01,0.0004173610652693339,-0.0005811473872155528,0.0004732765337293349,0.0010428128368897907,-0.0005795492786872691,-0.0005811473872155528,-1.554222789421851e-05,0.0007859380057505375,-0.0006461931721035508,-0.0005811473872155528,-0.0005299086335541124,0.0008987436680275078
2023-09-04,0.0008163324672301969,0.003238275196072316,0.0007707803233241704,0.00024152702599185402,0.002791562430237999,0.003238275196072316,0.0016977787507117795,0.0012213074308708792,0.003597918793636128,0.003238275196072316,0.002446847323309714,0.0011201534193509058
2023-09-05,8.346915948878048e-05,-0.001274699878858306,0.0013680531780103904,0.0015380197366527894,0.0007396710938193185,-0.001274699878858306,0.0008107723440173907,0.0017140144836999577,0.0014815086094336852,-0.001274699878858306,0.0006073592058492579,0.0017549514302024228
2023-09-06,-0.002972058868451416,-0.004435869255688469,-0.0030532193950686525,-0.0027973545286694495,-0.00431284837045483,-0.004435869255688469,-0.003632105093366044,-0.003174888266470768,-0.004708185440075586,-0.004435869255688469,-0.004298219154696213,-0.0030262064325505024
2023-09-07,-0.005244425891559969,-0.005874969673187391,-0.005575656410575063,-0.005135655682190906,-0.00641625245756333,-0.005874969673187391,-0.006549719164586869,-0.005509862989740296,-0.006710609048871441,-0.005874969673187391,-0.006964008532296904,-0.0052785968665511026
2023-09-08,0.0007261175578658007,-0.0007654714723042399,0.00044036372192887783,0.000880908505838986,-0.0010726652281717816,-0.0007654714723042399,-0.0003983210154824683,0.00018703779015302684,-0.0019763335864333453,-0.0007654714723042399,-0.001353956826938984,0.000275077183328748
2023-09-11,-7.910916829860748e-05,0.0004439942882218076,0.00014341812579951057,-0.00033676348877468437,0.0010636084153909265,0.0004439942882218076,0.0010298607291468185,0.00015231813405793904,0.0009291573422432898,0.0004439942882218076,0.0013261272840369,-0.00026249332749677344
2023-09-12,0.0013593617502964026,0.0013362313414781266,0.0013030241195904466,0.0010618666072970172,0.002110045432530974,0.0013362313414781266,0.0021094606985949953,0.0012717991836414778,0.00263208101753346,0.0013362313414781266,0.002722202542046657,0.0013093142652874385
2023-09-13,-0.0032403723522174254,-0.004446304892296829,-0.003200153678076477,-0.002448103109122507,-0.004391889971008277,-0.004446304892296829,-0.004586533979162466,-0.002602822175117909,-0.004487682075628589,-0.004446304892296829,-0.005381225763494478,-0.0024002412601599526
2023-09-14,0.002860833028160465,0.00346386397687386,0.002886741615083082,0.002510869137569357,0.0029647247166137754,0.00346386397687386,0.003688690384965215,0.0027791756219049716,0.002680043236830076,0.00346386397687386,0.004472956625722565,0.002553410117831537
2023-09-15,0.004855374127826615,0.005742713251995697,0.004954339109986326,0.004101785647729473,0.006777950908143121,0.005742713251995697,0.006919401333758904,0.004633383761240219,0.006866578664006859,0.005742713251995697,0.007911527083122647,0.0041218086498716125
2023-09-18,-0.005390567805794255,-0.005102192588423214,-0.0050856486497866315,-0.004669519908330125,-0.006227365431561947,-0.005102192588423214,-0.006799169783257466,-0.004835094591321193,-0.006555588113427422,-0.005102192588423214,-0.008188727553847055,-0.00470868614508415
2023-09-19,-0.0011933370045612466,-0.0019450202879529312,-0.0010911244953568128,-0.0007581904426064558,-0.0020605279670017278,-0.0019450202879529312,-0.0016489613254181599,-0.0010732021902817657,-0.0022209970175414147,-0.0019450202879529312,-0.0021053000122519725,-0.0009732675166421156
2023-09-20,-0.003710470669427326,-0.004778809575938228,-0.003856992350148188,-0.0035705562270102503,-0.0046570901443583465,-0.004778809575938228,-0.00418689885211743,-0.003980242387335539,-0.005177032801264026,-0.004778809575938228,-0.005081354891157034,-0.003932928500873965
2023-09-21,-0.005970438691927296,-0.0068465305337244995,-0.005150455641902578,-0.004674338485643948,-0.007226283165035845,-0.0068465305337244995,-0.0058135859497663945,-0.0053065534704504844,-0.007300767586012964,-0.0068465305337244995,-0.006875425824646741,-0.005095833285611355
2023-09-22,-0.004194705477457379,-0.0033712353351228017,-0.00587117241190702,-0.00471962275297808,-0.004840245564058437,-0.0033712353351228017,-0.00766354611798532,-0.004243495409432252,-0.004805525258331945,-0.0033712353351228017,-0.008386658789236095,-0.003989995051002639
2023-09-25,0.0011346368972148203,0.0007565648772549075,0.00024193702488820715,0.0003818512668871092,0.0005958456393391027,0.0007565648772549075,-0.0003054847744774623,-5.690607148952843e-05,0.00019073355035632736,0.0007565648772549075,7.091072916467693e-05,-3.06264658420221e-05
2023-09-26,-0.0043159865000723845,-0.005214365873458492,-0.004092062268645856,-0.004063768080415178,-0.004742721218538703,-0.005214365873458492,-0.003919839515169148,-0.00423390746760651,-0.004990417209283763,-0.005214365873458492,-0.0040678341053747135,-0.004310310807624605
2023-09-27,-0.0014242919551405964,-0.0014343173139255267,-0.002270766303177617,-0.0018441824369066675,-0.0015892930422019655,-0.0014343173139255267,-0.0033523833106179823,-0.0018327877471715597,-0.0014140222154594572,-0.0014343173139255267,-0.0027882410444981997,-0.0016359109021867762
2023-09-28,-0.002160037505809989,-0.002704642832171574,-0.0017110419053226612,-0.0019160948850089174,-0.0018819213532778151,-0.002704642832171574,-0.0015965609348677255,-0.0017685833215236094,-0.0019968667274824657,-0.002704642832171574,-0.0006388340279822114,-0.0020479641252492326
2023-09-29,-0.0008578335391630097,-0.00019610324209237042,-0.0020391672091400553,-0.0025115556464865864,-0.0006773897437214224,-0.00019610324209237042,-0.0008199863469483666,-0.0022845017626436184,-0.0011593526403211455,-0.00019610324209237042,1.0435921289366985e-05,-0.002467321698856848
2023-10-02,0.00045634325406776255,-0.0007760360643106147,0.0011673747890306463,0.0011983599356781905,0.0011453975144737503,-0.0007760360643106147,0.0013542785289045308,0.0014391542475273892,0.002072373291947326,-0.0007760360643106147,0.0021119293710012616,0.0015957956018929072
2023-10-03,-0.00611484803283922,-0.009451379280707967,-0.005599719527879707,-0.00445416235365297,-0.007896042958928822,-0.009451379280707967,-0.007584541545820306,-0.004812612498341789,-0.007650158295592775,-0.009451379280707967,-0.008858185940203184,-0.004381667520320094
2023-10-04,-0.007803729336117011,-0.007880582994964396,-0.008614792284982884,-0.008130660874957984,-0.008916322338356474,-0.007880582994964396,-0.009901339557198853,-0.008684364334799959,-0.009642166475132434,-0.007880582994964396,-0.010762040267406226,-0.008623574114582698
2023-10-05,0.005589150908572873,0.006200009926432025,0.005052686839872326,0.004292480437704472,0.005553588797103243,0.006200009926432025,0.006024149907337529,0.004001301462732731,0.004921375619132838,0.006200009926432025,0.006954090847393174,0.0038789654964074653
2023-10-06,0.0006845460771914344,0.0008300437952615107,0.00015180146923432993,0.00024664595021864393,0.0010377248928285902,0.0008300437952615107,-0.0001818439378099831,0.0005859957376009243,0.0011807392452688678,0.0008300437952615107,8.353584967416373e-05,0.0005925399057051007
2023-10-09,0.003066957102857722,0.0026057628090060806,0.004764283621813763,0.00460780953052153,0.0035552608857727487,0.0026057628090060806,0.005250989927645082,0.004648338683257244,0.003919428817850887,0.0026057628090060806,0.0036746788951175537,0.004529917217932948
2023-10-10,0.00644487582226288,0.00856532668059062,0.006690239571733903,0.0054537080229551315,0.008014229456182404,0.00856532668059062,0.008991316883799153,0.0057381703817741825,0.007863294024153164,0.00856532668059062,0.010631110816203842,0.005310460848350096
2023-10-11,0.003782740658649742,0.004129900265232668,0.0036741090837533433,0.0032840258363628903,0.004761761601385853,0.004129900265232668,0.004215453997953464,0.0037714036356966646,0.005157446410360852,0.004129900265232668,0.004939541720838447,0.003722296564953679
2023-10-12,0.005085637412815914,0.00710542978232636,0.006736293157968834,0.006216237847180522,0.005814343716386757,0.00710542978232636,0.007867019574462503,0.006624903847733263,0.0064083089364270615,0.00710542978232636,0.008051640029195463,0.0065246409128147075
2023-10-13,-0.0028785848866339447,-0.004683053483493904,-0.0017081052495796958,-0.0008211197079894185,-0.0028142777227208407,-0.004683053483493904,-0.003109594311725368,-0.0006929141835348391,-0.0017922740598423385,-0.004683053483493904,-0.004600234635195958,-0.0003953310009037291
2023-10-16,-0.0019796933466205277,-0.0021504934713687017,-0.0009537760230767453,-0.0004601159812857027,-0.003445896356092444,-0.0021504934713687017,-0.002618196066727651,-0.0008327583113526188,-0.004360711517777449,-0.0021504934713687017,-0.0057285616516801665,-0.0008146426511528587
2023-10-17,0.00024818883135208346,0.0014425102721224645,0.0008059366367297344,-0.0003416220381045293,0.0019346775483656375,0.0014425102721224645,0.0024634826067079937,0.00015350271863478332,0.002087744583896551,0.0014425102721224645,0.0037480791997074226,-0.0002259016815799773
2023-10-18,-0.0015003913084736089,-0.0005230481412586049,-0.0007120840690843574,-0.0011522662505906484,-0.0007705891295139133,-0.0005230481412586049,1.2425890185721627e-05,-0.000978957223217502,-0.001027223120757034,-0.0005230481412586049,-0.0009482336828661923,-0.0012786973702909755
2023-10-19,-0.00702055959667816,-0.00747190845596311,-0.006025582049734644,-0.00514559411773588,-0.007838047238018031,-0.00747190845596311,-0.0076180726550293685,-0.005460026154371318,-0.0072066157772698045,-0.00747190845596311,-0.009474918972373696,-0.005077910269984923
2023-10-20,-0.003918782907736748,-0.0042303167121164826,-0.0038894244970010994,-0.0027496236140746692,-0.006617537666761436,-0.0042303167121164826,-0.006128098963673847,-0.003407897954608463,-0.007502536611375684,-0.0042303167121164826,-0.008918312453382097,-0.0030504254491058366
2023-10-23,-0.00605389949107873,-0.006961878867373687,-0.006986243878769549,-0.006544197136285633,-0.007365911106394727,-0.006961878867373687,-0.008135045624309329,-0.007379020219820899,-0.007980952949123163,-0.006961878867373687,-0.008716037615554879,-0.00714383517151714
2023-10-24,0.0008503905078745761,0.00018591982972658694,-0.0005837745971031542,-3.224104309007262e-05,-0.000843740063937177,0.00018591982972658694,-0.0014593472696967074,-0.0006916726989686761,-0.00209735360155263,0.00018591982972658694,-0.00180034424094986,-0.0007126334246820042
2023-10-25,-0.0008076660400430704,-0.001986795483851797,-0.0009219918285388913,-0.0006073055705259532,-0.0013302522500885244,-0.001986795483851797,-0.0006288051494898491,-0.00037428844836617185,-0.0015401537463803623,-0.001986795483851797,-0.0014634458391317752,-0.00036171542801678817
2023-10-26,-0.0060432212917626935,-0.0062309530602735535,-0.004734295485766185,-0.0035919167368979876,-0.00601722633947323,-0.0062309530602735535,-0.007018054998314349,-0.0034622794820080866,-0.005311703079750039,-0.0062309530602735535,-0.009102644822833336,-0.003322783821999019
2023-10-27,0.0013116919067710539,0.001697914727703731,0.0002627180844426568,0.0005269497208868272,0.00016291178444342465,0.001697914727703731,-8.860289153002796e-05,0.0005530727134250458,-0.0006644997617287717,0.001697914727703731,0.00011580916636495465,0.0005295413298897347
2023-10-30,-0.005765773267932154,-0.004964040789392014,-0.006106225904302719,-0.005428712214316457,-0.006655018651699952,-0.004964040789392014,-0.00708810804680616,-0.0054951521360696795,-0.006729450415749412,-0.004964040789392014,-0.008578703978724084,-0.005173803497589132
2023-10-31,0.0011858328272449884,0.0005387889650018995,0.001914179045398903,0.0014082474338082335,0.0016751502575803395,0.0005387889650018995,0.0027088792315446285,0.0012780316837414333,0.0016732879130862597,0.0005387889650018995,0.0036023508598674696,0.0011353568457557967
2023-11-01,0.0048804086384346065,0.0060702603638013615,0.005299569186291305,0.003943825801104941,0.007434415013520581,0.0060702603638013615,0.0072580183876051665,0.004599528670367297,0.008211697689222435,0.0060702603638013615,0.009734516845099104,0.004288086452830913
2023-11-02,0.0076485983264760965,0.008853720809223687,0.0063581591623785155,0.00571772646737538,0.007322808678800609,0.008853720809223687,0.00734768267610939,0.005414181211421184,0.006392048610241625,0.008853720809223687,0.008805739732907351,0.0052413921091694704
2023-11-03,0.008755413841222174,0.010645284001111565,0.009722088266364497,0.00830968691251573,0.01165254746582056,0.010645284001111565,0.012431283249900275,0.0091627484653056,0.012885663489027538,0.010645284001111565,0.014499070146389445,0.00891665593480172
2023-11-06,0.0019225769308026616,0.002054952654831291,0.0011476309544795106,0.0009164382647824012,0.0015854329984419289,0.002054952654831291,0.0015840900277963594,0.0010992879059379928,0.0012358218049873363,0.002054952654831291,0.0019524907457428506,0.0011273312275180468
2023-11-07,0.00048180748577313136,-0.0002499299287516365,0.0008505916041885816,0.0012040336424280578,0.0009346889788155887,-0.0002499299287516365,0.0009113280636649901,0.0012843241280525745,0.001978200016129518,-0.0002499299287516365,0.0009629374355886606,0.0015311337614574525
2023-11-08,0.0029012744353195783,0.0029161263357634333,0.0021342939149360794,0.0021625420505910473,0.0027086687153302104,0.0029161263357634333,0.001951338426538738,0.001966821172509914,0.002699862056016786,0.0029161263357634333,0.0026466421032843215,0.002102817093890774
2023-11-09,0.003351808672315355,0.0020480689399375493,0.003237962850697386,0.003196374901796039,0.0033925777803371702,0.0020480689399375493,0.0030533182571413145,0.0030767338738297554,0.0031867751069747066,0.0020480689399375493,0.004118334437962754,0.002909716152257514
2023-11-10,-0.0030004123078131314,-0.0024262801198258084,-0.0016703529318420995,-0.0018354120628410718,-0.0023526358602528543,-0.0024262801198258084,-0.0016389685091533714,-0.0017801580423807974,-0.001706214513297005,-0.0024262801198258084,-0.0020474408799117778,-0.0017372210903158763
2023-11-13,-0.00043012818118097067,-0.001749735810146399,0.0006425831042859288,0.00024510787188386474,-9.68918847267471e-05,-0.001749735810146399,0.0017632886485644229,0.000583711551181575,0.00042200267165883254,-0.001749735810146399,0.002170679191835706,0.0005900682545531368
2023-11-14,0.0046761086137678785,0.006607832409861533,0.0045982295123659705,0.004064754900881692,0.006362988450635235,0.006607832409861533,0.005678184600616886,0.004556589907814939,0.006840605035980143,0.006607832409861533,0.006647951056360973,0.00433950022220267
2023-11-15,0.010331783613542611,0.013882446199482444,0.009326012112833104,0.007704319480557051,0.011545378143922492,0.013882446199482444,0.011289587289775135,0.007669666447217403,0.010878767529800562,0.013882446199482444,0.013712368960995773,0.007380356347244398
2023-11-16,-0.0018176756254618118,-0.003602355599006681,-0.000979108017904988,-0.0006983296366097913,-0.0026000808124449545,-0.003602355599006681,-0.0016399226183122036,-0.0006499499461766853,-0.002628311238210127,-0.003602355599006681,-0.0026391836736975706,-0.0005191889345973602
2023-11-17,0.0026801826362427947,0.0017829641795495646,0.0034416207904316336,0.0035933985638509375,0.001779288906690229,0.0017829641795495646,0.003261712764070446,0.0032098586468086313,0.0015324985428951214,0.0017829641795495646,0.001651539379100814,0.0032576097259920524
2023-11-20,-0.0026235330111038318,-0.0022012373782199913,-0.0036595134959314063,-0.0037323108450130395,-0.003021390267233843,-0.0022012373782199913,-0.0032681654198664306,-0.0036790627689342443,-0.003730650004135664,-0.0022012373782199913,-0.003180154128246197,-0.0038057002240002593
2023-11-21,0.003659662049072147,0.003464427220876483,0.004042179035531512,0.004031978549763888,0.0036366556519099383,0.003464427220876483,0.004401509550670152,0.004334088736058523,0.0036987335232777432,0.003464427220876483,0.0038417988858619263,0.004320021583613995
2023-11-22,-0.0006498486240133097,-0.0027600045025275694,-3.5631076635507495e-05,0.0003544859400900263,-0.0014925667340609766,-0.0027600045025275694,-0.0007876601975991942,9.72807962345294e-05,-0.001946511633099726,-0.0027600045025275694,-0.0022145537912434316,5.490577649798e-07
2023-11-23,-0.0010005982760092368,-0.001221703783157287,-0.00023561409071361217,-0.00031585156070888484,-0.001240682507049171,-0.001221703783157287,0.000381635020740652,-0.00039554939581944474,-0.0009440607240696208,-0.001221703783157287,0.00017315073647850303,-0.00023004997977884128
2023-11-24,-0.000618811118145243,7.95563861515727e-05,-0.00022194895745823772,-0.0008588866035551246,0.0003256344504208002,7.95563861515727e-05,0.0002784173936943842,-0.0005550712243900487,0.00038928978307248117,7.95563861515727e-05,0.0010070227567672346,-0.0007914947204801688
2023-11-27,-0.002686983232316377,-0.0031709757471792078,-0.0018944641041756108,-0.001549489119853265,-0.003950170780441574,-0.0031709757471792078,-0.0020979808654930238,-0.001959076044351048,-0.004304547446485366,-0.0031709757471792078,-0.003949004057065863,-0.001870457290046679
2023-11-28,0.001387976152029695,0.002014617467864557,9.91902143507154e-05,0.0001171999607069771,0.0007694283702337996,0.002014617467864557,-0.00042689998781620384,-0.0002706970147679079,-0.00013976548839202683,0.002014617467864557,0.00039846496888920044,-0.0003751852214739629
2023-11-29,0.0033304892760060317,0.0038082772777259253,0.0017207630457849196,0.0021438418243651418,0.0023958537383639306,0.0038082772777259253,0.0011338221810402668,0.0014419031520025148,0.001979006707372414,0.0038082772777259253,0.00018728654428983596,0.0017465542513301494
2023-11-30,0.0022555530716266204,0.0022480516443317174,0.0021934483491708075,0.0021031169344725574,0.003009966401031144,0.0022480516443317174,0.0023291544401679866,0.002254440549592709,0.0030149555728890423,0.0022480516443317174,0.0028650163738734745,0.0020400673003652843
2023-12-01,0.00029281692676806577,0.0010185501646741036,0.0014066923973549998,0.001039495421301005,0.0018503855159850533,0.0010185501646741036,0.002542430772929138,0.0016363143399043356,0.003087785598473086,0.0010185501646741036,0.0030358133410645334,0.0017019549935442882
2023-12-04,0.0043673926297264675,0.0063490594641086445,0.003754336251310285,0.003356214868360043,0.004541911723672463,0.0063490594641086445,0.00409082619033232,0.003021881526757025,0.0039016763256611827,0.0063490594641086445,0.003924170413489547,0.0028624035707445128
2023-12-05,-0.00277927963904234,-0.006692479615519715,-0.002645846280454275,-0.0016170037332896197,-0.004551867888919533,-0.006692479615519715,-0.004317563926443654,-0.0021485073900965176,-0.0045480786674987565,-0.006692479615519715,-0.004308159108501161,-0.0018094484674607294
2023-12-06,0.008477367946544195,0.010300261925881533,0.0067350133421732695,0.005941358952624906,0.010324992811786811,0.010300261925881533,0.007419726875804138,0.0061301937484744004,0.010320742410871504,0.010300261925881533,0.010755820104000797,0.005818822305066852
2023-12-07,-0.0005018200939837956,-0.0008456028897498251,-0.0005021920276757311,9.997857709164277e-05,-0.0008598278673249201,-0.0008456028897498251,-0.0018045870779233861,-6.939643085943951e-05,-0.0007195252618047334,-0.0008456028897498251,-0.0023127596874338544,9.125916638695756e-05
2023-12-08,3.9673013039639346e-05,0.0009321881913311426,-0.00041327474706801703,-0.001079020448615595,0.00012787323467552725,0.0009321881913311426,0.0006351871835922175,-0.0009844332118762447,-0.0006332196409194913,0.0009321881913311426,0.0009494535452742851,-0.0012745548252517311
2023-12-11,0.0013140385478898349,-0.0004704211446383499,0.0025980111762304707,0.0019874845358582283,0.0024718734736619325,-0.0004704211446383499,0.003638089693447144,0.0021669979517732153,0.0031374420338707108,-0.0004704211446383499,0.0053300703482127825,0.0019488954038507644
2023-12-12,0.0016606450429039116,0.0028728835366135467,0.0009732729612314863,0.0005116760002719457,0.0024109124856053106,0.0028728835366135467,0.0017893413814197025,0.000926139028363864,0.002442805058526474,0.0028728835366135467,0.0030014760463016165,0.0008536769930583101
2023-12-13,0.0035790294427365185,0.0026387021818621123,0.0042298264864010435,0.003946594952040026,0.00413392457140593,0.0026387021818621123,0.004362075602145318,0.0038753778441983646,0.004383806240351664,0.0026387021818621123,0.005032900988497517,0.0037867144749890247
2023-12-14,0.009710167635997875,0.013884331783074742,0.007766976347975065,0.006666855864536497,0.010160487084665014,0.013884331783074742,0.008938973820942935,0.00633842928861307,0.008835032802065199,0.013884331783074742,0.01022457747503532,0.006012426029756955
2023-12-15,0.0025423181209590505,0.0035994592386494758,0.0022950678914721878,0.002388313663130384,0.0039097041337366285,0.0035994592386494758,0.002689780560025353,0.0031825756581671306,0.00455501644028647,0.0035994592386494758,0.0026361051627785304,0.003117188408303911
2023-12-18,-0.00035001397374828343,-0.0029219110332809567,-0.001158365440712006,-0.00043821490105722376,-0.002181222970215411,-0.0029219110332809567,-0.0019763695121377154,-0.001258241535938777,-0.003016636021366204,-0.0029219110332809567,-0.002311959896263053,-0.001233945530340824
2023-12-19,0.0020417785243436325,0.002817937195829671,0.001893413242637393,0.0012426142943377449,0.003528478876858754,0.002817937195829671,0.0026758511965591994,0.0014097401633935377,0.003384030371032886,0.002817937195829671,0.0037867181324146076,0.001015945508043051
2023-12-20,0.003785692382393975,0.005974557102835506,0.0038445250591066992,0.0031379044656587134,0.004719242728627171,0.005974557102835506,0.004828492197527402,0.003588911720665462,0.004698710290296155,0.005974557102835506,0.005398622179803622,0.0033869496254661222
2023-12-21,-0.0030185321065179065,-0.00537937085901123,-0.003928397786317581,-0.002738495733215377,-0.005523968671410952,-0.00537937085901123,-0.006312360831049157,-0.0037768087510652902,-0.006720809874951224,-0.00537937085901123,-0.007328833102940158,-0.0036649360931781012
2023-12-22,0.000458186480814633,0.0007874885306371105,0.001236384060899112,0.0008571267050692801,0.0007390379659798296,0.0007874885306371105,0.002058128430382491,0.0010428078621827167,0.0008233366191440962,0.0007874885306371105,0.0016799745097651328,0.0009595878387110808
2023-12-27,0.004346316899588157,0.0065320117321992005,0.0037673975435855754,0.002986100168042403,0.005373081364122421,0.0065320117321992005,0.0047357799157383435,0.0032712869613927514,0.005216212300528815,0.0065320117321992005,0.005609478909440862,0.0030974841128295657
2023-12-28,0.005042065986667838,0.006300041214155336,0.004742766505256748,0.004653403067746353,0.005902773085195561,0.006300041214155336,0.004545283531473717,0.00493583902238997,0.006212950242457918,0.006300041214155336,0.004522362526550414,0.004959177240992391
2023-12-29,-0.0020662957057573984,-0.002412953562009886,-0.002526048663310126,-0.0025237250105728222,-0.002229736036373106,-0.002412953562009886,-0.002312592637180608,-0.0026577132192538645,-0.00213482375040742,-0.002412953562009886,-0.0016694554984358235,-0.002551338013083838
2024-01-02,-0.00010974163254606429,0.0007574702742319641,0.00021304065627262783,7.679004494872865e-05,0.0012703476949782464,0.0007574702742319641,0.0005732956533644391,0.0007491949795255467,0.0017808656568506244,0.0007574702742319641,0.0006309578855366286,0.0005849722852426995
2024-01-03,-0.005325138524542936,-0.008250352279818777,-0.003974110959502395,-0.003053037131012605,-0.007353086929825478,-0.008250352279818777,-0.005610830664182308,-0.003425170106771128,-0.007439599766736103,-0.008250352279818777,-0.0076931486588332565,-0.0031351385942004957
2024-01-04,-0.002646011928635042,-0.003739954594397254,-0.0033360605238289256,-0.0027286409008799883,-0.003616476179145645,-0.003739954594397254,-0.004299343195384894,-0.0031859059187443685,-0.00394796168522874,-0.003739954594397254,-0.0039046175980832942,-0.00313321580811939
2024-01-05,-0.0007876811845437295,0.00044182830914012817,0.0003288984641184696,0.00013814064760432024,0.0006669784901653567,0.00044182830914012817,0.0005311759832399684,0.0009651441193956295,0.001863663274161722,0.00044182830914012817,0.0003900299088711845,0.0011203490159854557
2024-01-08,-0.002544487022682553,-0.003317302834886711,-0.00208268010147031,-0.0023135994551041067,-0.002738023682819131,-0.003317302834886711,-0.0016486609808183301,-0.0024447250829945774,-0.0027924432276150686,-0.003317302834886711,-0.0015448478794748632,-0.0024532970221977065
2024-01-09,0.006345215377556959,0.006438789282877648,0.006862829559001632,0.005902873727243009,0.007772702989682553,0.006438789282877648,0.008786387651389008,0.0061772719836530494,0.00797337501677766,0.006438789282877648,0.010119930010078252,0.005809794008689377
2024-01-10,-0.0021120519865525655,-0.002175946213832259,-0.0019800498759795014,-0.002046329872452275,-0.0026261855148437168,-0.002175946213832259,-0.0018721762160261255,-0.0025139363090031525,-0.002614914714621067,-0.002175946213832259,-0.0018954185995518843,-0.00238621606488226
2024-01-11,0.00393114044960275,0.004262726097249799,0.004536460861584136,0.0038839123680361183,0.005036966835823568,0.004262726097249799,0.005949107841153882,0.004348350843842472,0.005402789680922417,0.004262726097249799,0.006575070822557041,0.00418348346564595
2024-01-12,-0.00023446417646505842,-0.00030528524724544675,-0.000637435547683377,-6.294635180936433e-05,-0.000905436851635172,-0.00030528524724544675,-0.0016186191701235834,-0.0003140585497146023,-0.0008303201211022539,-0.00030528524724544675,-0.001879659827696753,-8.964521473646316e-05
2024-01-15,0.0017253268135738306,0.0022568950442980722,0.0022452933042792175,0.002378734307709345,0.0019325509787637629,0.0022568950442980722,0.0022269773097371736,0.0025652458305544875,0.00229881956019767,0.0022568950442980722,0.0018061457611772147,0.002613128150544793
2024-01-16,-0.00269528104358464,-0.003626259693859683,-0.0008595022694725648,-0.0006611589927230522,-0.0030691939026408635,-0.003626259693859683,-0.0013974288281566737,-0.0007698428898881321,-0.00241653424981876,-0.003626259693859683,-0.002390790622971826,-0.0005182953392613597
2024-01-17,-0.0022566751036817547,-0.005261110200535455,-0.0016709077997225988,-0.0015559375573220482,-0.002736290210709188,-0.005261110200535455,-0.0019483392755100957,-0.0020622193976286866,-0.0030575385951036363,-0.005261110200535455,-0.002081127175314072,-0.0022156167285352917
2024-01-18,-0.004929412407862844,-0.006579481380639305,-0.0045881726908651894,-0.004031792826348351,-0.005582312922936515,-0.006579481380639305,-0.005286461708004945,-0.00414667775338184,-0.005634403250167898,-0.006579481380639305,-0.005824262778025175,-0.004146756170622143
2024-01-19,0.004375910962063369,0.005645038623033472,0.004844408875430745,0.0037831552823576696,0.006604900388770394,0.005645038623033472,0.0067726741673441995,0.00458080264750785,0.007158961077281936,0.005645038623033472,0.0073090217924472334,0.004328491102717562
2024-01-22,0.00574752696690339,0.00550402681918273,0.00721822774482656,0.006119905888333446,0.006731148014229473,0.00550402681918273,0.008830163846669941,0.006297141550147705,0.00659614120234517,0.00550402681918273,0.009492425894594248,0.0058778453766828555
2024-01-23,0.0021913618457185743,0.0021670154379867107,0.0015474473315098723,0.001639946369998859,0.0022454565537139417,0.0021670154379867107,0.001441720663356966,0.0016701947381786149,0.0020880614781505153,0.0021670154379867107,0.0015249578365328935,0.0016140524868265792
2024-01-24,0.0011893434757217238,0.00214771008864374,0.0020287110632408946,0.0014340152924875288,0.0028024537122057,0.00214771008864374,0.003000361654747493,0.0018681803135259393,0.003824501284612979,0.00214771008864374,0.003726825858460016,0.0019150941366141423
2024-01-25,0.0008403261958796844,0.0018803713130723866,0.0007883200372462843,0.0007355306822845786,0.0018338324290757821,0.0018803713130723866,0.0007485678670212593,0.0016701993986081732,0.0023017793813778957,0.0018803713130723866,0.001246777568832681,0.0016506136161727877
2024-01-29,0.002849177717822716,0.0037786195590458283,0.0029408293597112407,0.00258841258092088,0.003132185910230948,0.0037786195590458283,0.0032738618188036034,0.0027524083997458935,0.00311659867633931,0.0037786195590458283,0.003632757890624474,0.0027142383020358858
2024-01-30,0.0040005371500085605,0.0031969422358259624,0.004183122186319839,0.0037151958470579135,0.0037329804330318954,0.0031969422358259624,0.005037604298689623,0.0031759164563700776,0.003203563499095835,0.0031969422358259624,0.005398716525042117,0.002987658941665136
2024-01-31,0.004333635195447066,0.005377152715599517,0.0034279895839711984,0.0031694801311583243,0.005283888019926686,0.005377152715599517,0.002919685495738058,0.002975257891139793,0.005072044538981266,0.005377152715599517,0.004367112109404503,0.002723498988007415
2024-02-01,-0.003286349455602862,-0.004858976441999095,-0.0033836014113261415,-0.0016058057496168507,-0.005923416284653681,-0.004858976441999095,-0.005833346138537076,-0.0020718746622949277,-0.0059920915569381394,-0.004858976441999095,-0.008111182291193156,-0.0015092778522912418
2024-02-02,0.006718988397905259,0.009915818623584401,0.006761347834393755,0.004651691546588144,0.009640777894379008,0.009915818623584401,0.009188552297831495,0.005140401454274052,0.009835513239764566,0.009915818623584401,0.011724748303326565,0.004707834521515492
2024-02-05,-0.0026106125453204975,-0.004564074452963345,0.00011049330653991243,-0.000316980619404013,-0.0019042088194323407,-0.004564074452963345,0.0008533899880815292,2.5986692830941772e-05,-0.0008124525822597526,-0.004564074452963345,0.0006889045094329259,5.97668151197113e-05
2024-02-06,-0.002190578843163792,-0.0008922196490161563,-0.0016574108419763112,-0.0013604126031861305,-0.001976293177494147,-0.0008922196490161563,-0.0014104736992395796,-0.00043232932461598417,-0.001088645460977961,-0.0008922196490161563,-0.0014973935136954621,-0.00017321234762900559
2024-02-07,0.0025219453482280157,0.003972126299790597,0.0013133636834850048,0.0010740533934425838,0.003225862398979032,0.003972126299790597,0.0018326863587000786,0.0010908909550425817,0.003653497674046173,0.003972126299790597,0.0022182854412508514,0.0013108738896240564
2024-02-08,0.00273865901745212,0.0029955412728897867,0.0036072229886990044,0.002921015357462475,0.0039927774809515836,0.0029955412728897867,0.004589161899838093,0.003256942140611655,0.004558216725138337,0.0029955412728897867,0.005277008797561784,0.0031541726077232053
2024-02-09,0.00048295258507866356,0.0005117161853003435,0.0013169680538579847,0.0009290562094838164,0.0013086204710070182,0.0005117161853003435,0.0015325889805639272,0.0010369228834338946,0.0016759086799499135,0.0005117161853003435,0.0017400414043143631,0.0009731881749073705
2024-02-12,-0.00018071830114167194,-2.134612045774801e-05,0.0003162155845009996,2.7363764663457525e-05,-0.00023908836824791755,-2.134612045774801e-05,0.001509735434043013,0.0001181721111529761,-7.153036950760415e-06,-2.134612045774801e-05,0.001894343981182809,0.00010744520033342
2024-02-13,-0.0006080430820510362,-0.00041991310578136186,-0.00043406530133226445,-0.00042931665331940526,-0.0007034316696249332,-0.00041991310578136186,-0.0003253028498634151,-0.0002791651125896484,-0.0007155601846601467,-0.00041991310578136186,-0.00011371881172511865,-0.0003134959208889354
2024-02-14,-0.006710087228781046,-0.00793896902615161,-0.007230864753962524,-0.00652550478923284,-0.007200601687074672,-0.00793896902615161,-0.008157573397985236,-0.006731899174452577,-0.006980879313672349,-0.00793896902615161,-0.008298351596934945,-0.006522263443860745
2024-02-15,0.0070202169632507146,0.009280482050846812,0.006484958190645627,0.005254400812615448,0.008316965298881752,0.009280482050846812,0.007730073437364641,0.005435685498458493,0.008530313940974314,0.009280482050846812,0.009937449228293734,0.005406367434235961
2024-02-16,0.002867880633994022,0.0038375749879982954,0.0037442766705592283,0.002902183010697066,0.004212269315186527,0.0038375749879982954,0.004891191512735239,0.003550944010528323,0.004397484413714529,0.0038375749879982954,0.005142092947709932,0.003295765758979231
2024-02-19,-0.0016451686593349432,-0.0023444687174050804,-0.0014611171930603653,-0.0008946965125448014,-0.002527672267623645,-0.0023444687174050804,-0.0022302997845815055,-0.0007964926677908663,-0.003203857582932738,-0.0023444687174050804,-0.0038918757221138604,-0.0009488458973640987
2024-02-20,-0.00017150578209382397,0.0004904548974013803,-0.0007582645869696092,-0.0006166352558239894,-0.00013414697588651748,0.0004904548974013803,-0.0012994099953150796,-0.0008149215584787649,-9.252907852304936e-05,0.0004904548974013803,-0.0009408029922900784,-0.0007280491988193194
2024-02-21,-0.0020197935865287698,-0.0005368477001298195,-0.0024014271251491404,-0.0021370444486445055,-0.002884073192366557,-0.0005368477001298195,-0.0031885139855574104,-0.0019660884699435033,-0.003040220214983283,-0.0005368477001298195,-0.0036756012457405097,-0.0016912663545552776
2024-02-22,0.002747580783831781,0.0020617086618580777,0.004243825167988862,0.003443439121352935,0.003779986802345493,0.0020617086618580777,0.005716787105988388,0.003688082410547078,0.00431676001514109,0.0020617086618580777,0.005952315833597168,0.003529777419377681
2024-02-23,0.003025488298591814,0.0024882690464460423,0.004903012865448684,0.003970217277145482,0.004363886751811508,0.0024882690464460423,0.006456454099435751,0.004524425696299849,0.004729798701341612,0.0024882690464460423,0.006589586950796575,0.004201433376982587
2024-02-26,0.002492160208453286,0.0016441128134447335,0.0020787250378522435,0.00261336967560856,0.0015728154213565087,0.0016441128134447335,0.0012748748276417141,0.0022148011288587116,0.0011717967466569317,0.0016441128134447335,0.000922514363143798,0.002249398932513856
2024-02-27,-0.0007511072808261453,-0.0010861500127518546,-0.0004901695830196955,-0.0003348756335759261,-0.0004341299426618321,-0.0010861500127518546,-0.0007259945912274739,-7.7792945716359e-05,-0.0003212454297826661,-0.0010861500127518546,-0.0010826301629410682,-0.00015111996280933892
2024-02-28,0.0011225196249716471,0.002061399797847147,0.0011167126962350702,0.0007224145955973457,0.0024615654386579357,0.002061399797847147,0.0020596426622408437,0.000965141801537212,0.003476465374685389,0.002061399797847147,0.002815114214675385,0.0011509987163147556
2024-02-29,0.0019781924471899194,0.0027582008973023155,0.0014429267550711024,0.0011083157257798977,0.0023422984775180195,0.0027582008973023155,0.001696665495261586,0.0008305533756530318,0.0019193983000736004,0.0027582008973023155,0.0025202229225554412,0.0005682238257067501
2024-03-01,0.004229869694273931,0.004853986137521993,0.004885820354402122,0.004186119032634035,0.005606436066558541,0.004853986137521993,0.005476960682081098,0.004471148940843555,0.005982224237911873,0.004853986137521993,0.005831797968980849,0.00436849688847407
2024-03-04,0.0029387167548230396,0.0051154108130098555,0.004089853823827312,0.0036374422126096892,0.0034332265994089757,0.0051154108130098555,0.004077689346591353,0.003852514292459236,0.004003998880115736,0.0051154108130098555,0.0038955281773189287,0.004030302917051677
2024-03-05,0.00048042823593715016,0.0007956446499754389,0.0012833015245654682,0.001457135752709119,0.00036194931508369094,0.0007956446499754389,0.00029440312871519697,0.001200011835900764,0.0003454070347111403,0.0007956446499754389,-0.0007487858885668205,0.001183597656317304
2024-03-06,0.00010302836882608431,0.00014420644442158275,-0.0016143594141319823,-0.0006610454854028423,-0.0012194964637788756,0.00014420644442158275,-0.0031036173115516906,-0.0010507559651498422,-0.0019860634548256283,0.00014420644442158275,-0.003553769792712009,-0.0009692895367243202
2024-03-07,0.002381794130504382,0.004483803644098262,0.0021755258458172086,0.0016211016741086355,0.0027148143488505655,0.004483803644098262,0.002319671963232081,0.0017277986767355812,0.0019469960388949692,0.004483803644098262,0.0021962408709599673,0.0014042978267468642
2024-03-08,0.005210464847712349,0.005664391924134715,0.005719517683087176,0.004600712390322069,0.006753758240566546,0.005664391924134715,0.007674483940973465,0.0049806887768310305,0.0067186279732457,0.005664391924134715,0.008652279968621963,0.004598044357933367
2024-03-11,-0.004940857265297085,-0.006323749287687326,-0.005344143236678095,-0.0036678203768989778,-0.008391909739089523,-0.006323749287687326,-0.00840392086706436,-0.004680363386308397,-0.008818792246035824,-0.006323749287687326,-0.010413173485575087,-0.004063116907751355
2024-03-12,0.0011697757384717146,0.0018845203038943593,0.0017827099625177718,0.0013058356883433309,0.002033310961782257,0.0018845203038943593,0.0025843647696178348,0.0017425948012987369,0.002690427420037967,0.0018845203038943593,0.0027609291348710666,0.0018212560858107507
2024-03-13,0.0011786116171201091,0.0010309179715365627,0.0019197194836925594,0.0009482316611702732,0.0026252696268219654,0.0010309179715365627,0.0036267904118699383,0.0013142914117090345,0.003078992189217157,0.0010309179715365627,0.004758625296634282,0.0011528492504609424
2024-03-14,-0.0010076592114706693,-0.0004559925647508551,-0.0007068696649307917,-0.0009420847924475056,-0.0006327056339293003,-0.0004559925647508551,-0.0006012053440354882,-0.0010207621946259154,-0.00030186407535592923,-0.0004559925647508551,-0.000745876300379764,-0.0009391360082928171
2024-03-15,-0.002681032837270606,-0.0019307867742692105,-0.001549921302330272,-0.0017215585254500884,-0.0022691694321226364,-0.0019307867742692105,-0.0013079176457982094,-0.001654031880311054,-0.001795019300169061,-0.0019307867742692105,-0.0007938312822101918,-0.0016930631002643837
2024-03-18,-0.0008142545488169046,-0.0017060021693251165,-0.001241812461730073,-0.0007642122129845357,-0.0008369782111342154,-0.0017060021693251165,-0.0012940577824381667,-0.00036007624074032077,-0.0006444333519590235,-0.0017060021693251165,-0.0016888582177893205,-0.0002865058468910209
2024-03-19,0.003628332707593862,0.003824379580679405,0.004404983093078378,0.004066342063457167,0.003990475377239747,0.003824379580679405,0.004159599896001468,0.004038723004417456,0.004044342923022056,0.003824379580679405,0.004307628407249844,0.003936737299166116
2024-03-20,0.001021611228411651,0.00018108160986247937,0.0019173434267392578,0.0014435730701095378,0.0010341200706150112,0.00018108160986247937,0.0025781905398725618,0.0013519636671041457,0.0009113827007293864,0.00018108160986247937,0.0026376943501146663,0.0012139474769568416
2024-03-21,0.005461258969765141,0.00889137462005955,0.006561603751993499,0.0049956576411437185,0.0076438072176460686,0.00889137462005955,0.008533400100133474,0.005850889029105327,0.007857297221205461,0.00889137462005955,0.00887782862496312,0.005528416486865124
2024-03-22,0.0022241323983209207,0.0006776992055706142,0.002995383789412089,0.002795676114450968,0.002496843540063769,0.0006776992055706142,0.003153938173458026,0.002654468399133075,0.003004265884023943,0.0006776992055706142,0.003989868679409879,0.00275347239588205
2024-03-25,0.0022994070643733194,0.0037799382385876675,0.00028182717218181005,0.0006550964804537331,0.002506405214723769,0.0037799382385876675,-0.000271459922167985,0.0005838693311533645,0.002490095734220405,0.0037799382385876675,0.0006123598471873841,0.0007215958338475776
2024-03-26,-0.002257268007060818,-0.0029139908065331944,-0.0017633151911648644,-0.0019775803648001784,-0.0028152995649881355,-0.0029139908065331944,-0.0017373440525669656,-0.002294327283980665,-0.003280908549550518,-0.0029139908065331944,-0.0020455918704546804,-0.0024225567490842865
2024-03-27,0.0023798557400681827,0.0023046676258420174,0.002620672379684274,0.002342409551467225,0.00290167561458056,0.0023046676258420174,0.002816623390420414,0.002388692287524589,0.002887908572451443,0.0023046676258420174,0.0028313640467557493,0.002268161883929649
2024-03-28,0.005259125952916364,0.007991886996110895,0.004724909904456133,0.004202085203995692,0.0069230235308284415,0.007991886996110895,0.005496997724262539,0.004669609904198732,0.007447563881148077,0.007991886996110895,0.006558747011811927,0.004619006110850465
2024-04-02,-0.0005655677925162482,0.0014964248514131918,0.0014026090415821106,0.001911704903096855,0.0003928253165030315,0.0014964248514131918,-0.00015292120247101338,0.002686119676815997,0.0014958570235662008,0.0014964248514131918,-0.0014363521074543027,0.0028895178994180824
2024-04-03,-0.007559392844227366,-0.008624893604596453,-0.00647234424728127,-0.005590069432201535,-0.00979989615897146,-0.008624893604596453,-0.009053180728742482,-0.005848571497252131,-0.010581506457968364,-0.008624893604596453,-0.011100919506152458,-0.0057496113222456815
2024-04-04,0.0013306463731130266,0.002541859052887744,0.0009710774417339213,0.00023007829487192033,0.0018767920496381347,0.002541859052887744,0.0019388215309736859,0.0001598357751234854,0.0015011722986609517,0.002541859052887744,0.0022782327466868237,-6.117149559395367e-05
2024-04-05,-0.004290489058401225,-0.005853902780401255,-0.006647411547675318,-0.005117773389404902,-0.007012379360942113,-0.005853902780401255,-0.008397224357547303,-0.006236586635253777,-0.00834931248504399,-0.005853902780401255,-0.00861076642721236,-0.006263200060319857
2024-04-08,0.002418573485030513,0.004885814393014388,0.005405157939922077,0.004317533088887881,0.004595659578134077,0.004885814393014388,0.005509498190944563,0.005491989455613332,0.0059092402735724785,0.004885814393014388,0.004745013495342161,0.005629691658650602
2024-04-09,0.0012538448495094748,0.0015070727124986527,0.0006658518042997038,0.000933558386368277,0.0014925375004080027,0.0015070727124986527,0.0006221626868533799,0.001106883795273032,0.0014857100875210777,0.0015070727124986527,0.0003663635766833067,0.0010942019918250938
2024-04-10,0.0020477632973975235,0.0028365802055391083,0.0014380252130174775,0.0015037527769326603,0.001911426566712102,0.0028365802055391083,0.001092510262670783,0.0015539558161653225,0.0018450992185553956,0.0028365802055391083,0.0010961170710499465,0.0016886291960560116
2024-04-11,-0.0043334009083118305,-0.004620039118297835,-0.0029198807766661903,-0.002596954941976609,-0.0029913272167438744,-0.004620039118297835,-0.002790425992211351,-0.0020778877945962122,-0.001822015643717364,-0.004620039118297835,-0.0028255029863047095,-0.002095062429870826
2024-04-12,0.0013935917050291618,0.0018866863267481156,0.003950964127420947,0.0037101674827709767,0.0013566098302944167,0.0018866863267481156,0.0030867604913206717,0.0038573691306695366,0.0016141949048755397,0.0018866863267481156,0.00198508039933179,0.003811734703164991
2024-04-15,-0.003301957586871509,-0.005589169157271382,-0.004730544103697712,-0.003655482439976723,-0.004978849636068256,-0.005589169157271382,-0.0059957943946417624,-0.004287723392951206,-0.0056507492862233255,-0.005589169157271382,-0.006409535288778413,-0.004193473626442567
2024-04-16,-0.008323021143095348,-0.010245405273375936,-0.007881804307738053,-0.006103678063219546,-0.011227117847929766,-0.010245405273375936,-0.011846557580179376,-0.00710851252230152,-0.011716136641904405,-0.010245405273375936,-0.01393277640358692,-0.006751822871568631
2024-04-17,-0.002123300298562628,-0.001309759196452576,-0.0023146606384651528,-0.0023402783418333168,-0.0015756915697849089,-0.001309759196452576,-0.00202270596007229,-0.0022151036812986112,-0.001231461439103385,-0.001309759196452576,-0.001625076977109907,-0.002222837953193723
2024-04-18,0.0022735162021890057,0.0030491506137114836,0.0007633236340558419,0.0012091981957747218,0.0021097951715297906,0.0030491506137114836,0.0009021567044160188,0.0011786468485899904,0.0019695273434885275,0.0030491506137114836,0.0012735344075737898,0.0012424399120189418
2024-04-19,-0.004979049665585711,-0.007028277631562427,-0.006003185358887689,-0.004363536315911231,-0.007524690201089006,-0.007028277631562427,-0.008554990250868925,-0.005651603207548687,-0.008278585048911307,-0.007028277631562427,-0.00969843245035234,-0.005580816823153261
2024-04-22,0.0020817390257846483,0.003491412841728267,0.001946520779234046,0.00039094957087741535,0.004493049050074414,0.003491412841728267,0.004174766238845027,0.0013876779425382167,0.004807101003049125,0.003491412841728267,0.005387514180519504,0.0012252774793313065
2024-04-23,0.001691987914763273,0.0011902759781795668,-0.00018057478570010626,-0.00031105790506158004,0.002104387213362178,0.0011902759781795668,0.002025418216587411,-0.0001193604879063017,0.0021842213671655463,0.0011902759781795668,0.003565605272597755,-7.883792567489892e-05
2024-04-24,0.001357596489180281,0.002468863417279122,0.0045581446019729395,0.002842630884521911,0.003090744484313019,0.002468863417279122,0.006609928797311209,0.003840318416009246,0.0037295866183971924,0.002468863417279122,0.006524026389493272,0.0036523418786420275
2024-04-26,-0.006584565775873356,-0.007834820357507918,-0.004786552498715006,-0.004668564885270876,-0.007986035588362733,-0.007834820357507918,-0.005706310225643171,-0.004898705429253728,-0.008273434958648395,-0.007834820357507918,-0.006960379783890081,-0.0048323288667388685
2024-04-29,0.004101767820350352,0.0070065641937353965,0.002662973925389998,0.0024266437696931456,0.005729047334379039,0.0070065641937353965,0.004520868779593731,0.0031379058820188996,0.006628834741081669,0.0070065641937353965,0.005859501520115164,0.003322677881141833
2024-04-30,0.003157649873912909,0.0023975318075827737,0.0027103801555502572,0.003245458239104419,0.0032581344546076863,0.0023975318075827737,0.0022484915111503118,0.003268618090467862,0.0036330063385280205,0.0023975318075827737,0.002379767818386207,0.003412681537673687
2024-05-01,-0.008362566097512061,-0.009039608539062582,-0.009038745475517052,-0.008037019091673734,-0.009669454401467738,-0.009039608539062582,-0.009948308769477976,-0.008125746292475186,-0.009921958755638966,-0.009039608539062582,-0.010025427235299382,-0.008003112413913441
2024-05-02,0.002194598403167001,0.0030935380287648554,0.0013849120898020554,0.0015607073944106803,0.001427990623767851,0.0030935380287648554,0.0006024029875045587,0.0013981501587320808,0.00093733882843601,0.0030935380287648554,0.00010538577534282896,0.0015238418417817044
2024-05-03,0.002379655757341373,0.003915777905807073,0.0016167057527159692,0.0010176675178443896,0.0034728382647513105,0.003915777905807073,0.003019060458416402,0.0013548953698582673,0.003732812566600733,0.003915777905807073,0.004070438910675718,0.0013796327682058897
2024-05-06,0.0044030402826129795,0.004757125545909063,0.0048312941987244985,0.003924140202205877,0.00488608105466744,0.004757125545909063,0.005732678053577049,0.004043205332672023,0.004462043672727878,0.004757125545909063,0.006030831391249375,0.0038334740551740063
2024-05-07,0.008687748618421115,0.009476297023126638,0.009565705723441807,0.00820229151479633,0.01109439257765567,0.009476297023126638,0.011343099473979013,0.008434888464995429,0.011491322495949939,0.009476297023126638,0.012578227482835873,0.00791158821487873
2024-05-08,0.0011497076256127563,0.00122324985356988,0.0011129121423870557,0.0008010699655573824,0.0013493949422430155,0.00122324985356988,0.0014437156710904826,0.0007609168269765804,0.0013461602424250678,0.00122324985356988,0.001788562607925066,0.0007548732058245935
2024-05-09,-0.003644791877691419,-0.004383040993875579,-0.002811895597463305,-0.0022374371957870247,-0.004331220964569758,-0.004383040993875579,-0.0032346132731366755,-0.002015495961360014,-0.003916501045584971,-0.004383040993875579,-0.003988163783161547,-0.0016901734303221697
2024-05-14,-0.0013123290041120365,-0.0015024793549535736,-0.001704153047724497,-0.0011304731767271526,-0.001905825264587299,-0.0015024793549535736,-0.0019446025153488401,-0.0009838141258918767,-0.0017919144129984927,-0.0015024793549535736,-0.0021764976990720115,-0.0007799972749016633
2024-05-15,0.0019938581586380058,0.0024834047554289705,0.0019075652548956714,0.0012290880060297053,0.0022492765332983843,0.0024834047554289705,0.002435716234353405,0.0011139227335684255,0.0018591480163760031,0.0024834047554289705,0.0026489140254450697,0.0009618013645201202
2024-05-16,0.010499866693108659,0.013032636276586533,0.010479619919147878,0.009003755866147047,0.012150923360075712,0.013032636276586533,0.011437817945193576,0.009180204495993487,0.011951805306297447,0.013032636276586533,0.012465012506791214,0.008906741455304516
2024-05-17,-0.004305329027505931,-0.005636020539203892,-0.003905634156003532,-0.0029121387725148055,-0.005669019526226191,-0.005636020539203892,-0.004934924476325627,-0.002757209847808968,-0.005665276509606618,-0.005636020539203892,-0.00593215100130607,-0.002519139578653597
2024-05-20,0.0020082535409134583,0.004369740522432385,0.0034723134829690644,0.0029262668174364864,0.0035770031203827424,0.004369740522432385,0.003037880639115394,0.0036213286272855387,0.004055351665746123,0.004369740522432385,0.0019706339333773566,0.0035195004063032216
2024-05-21,0.00013073791189733848,-0.0007085739737990523,0.0002650798895898627,0.00017835356107809362,0.0005013578832081887,-0.0007085739737990523,0.0012985220525571712,0.00018820528366736598,0.000979276596313892,-0.0007085739737990523,0.0021159417559132275,0.00020223563211663786
2024-05-22,-0.00031140264431814925,-0.0003300951847352823,-0.00034639045902818804,-0.0003674901418845987,-0.0006005915695624245,-0.0003300951847352823,-0.000339792659740549,-0.00036429476226127497,-0.0008925150408629417,-0.0003300951847352823,-0.0003336598273667243,-0.0004166618034309376
2024-05-23,-0.0008964223714891024,-0.0036045761229257438,-0.0006944201759284716,-0.0006648986892324191,-0.0008903410011558978,-0.0036045761229257438,9.846116540721062e-05,-0.000776336104127973,-0.00030351976334600043,-0.0036045761229257438,0.0006582628154366906,-0.0005659508332892302
2024-05-24,-0.006243669598649155,-0.0075311735761365356,-0.00680659526314749,-0.005742051510982722,-0.008017736308093514,-0.0075311735761365356,-0.008149174296276915,-0.006114677116537748,-0.008355424159299402,-0.0075311735761365356,-0.008791968767145407,-0.005916655494089295
2024-05-27,0.0033560320776678254,0.004553682621092376,0.0029631644312075583,0.0020759337376186566,0.004391773620956025,0.004553682621092376,0.004136456272761736,0.0022169465424406926,0.004270290942752886,0.004553682621092376,0.005007256734994335,0.0019991041287374524
2024-05-28,-0.0004340961379920927,-0.00029258475169894926,9.368659527508327e-05,-0.00017224759165977574,-0.0009887017858907284,-0.00029258475169894926,-0.0002630878374478356,-0.00020213354196255907,-0.0013235056061204169,-0.00029258475169894926,-0.0006102775403346813,-0.00018246363272313675
2024-05-29,-0.007081415969774804,-0.007732725781791027,-0.0058482518487953114,-0.005728975252972884,-0.00807062319742007,-0.007732725781791027,-0.006636018413848683,-0.006336555506311621,-0.008182965254525453,-0.007732725781791027,-0.007368111947736603,-0.006313881889477324
2024-05-30,-0.0038001485493194044,-0.005707210727731389,-0.005167721979177346,-0.004447366233811502,-0.004730591463498659,-0.005707210727731389,-0.005907192208214877,-0.00497379883231529,-0.00493876296428711,-0.005707210727731389,-0.005855573916633795,-0.004806777473536416
2024-05-31,0.0023430585844776038,0.0029569828440744518,0.0010316674490361835,0.0011605753399470163,0.0027265730753374255,0.0029569828440744518,0.001266229303052353,0.0008949417239208818,0.002249468837995704,0.0029569828440744518,0.0014474977520504112,0.0005569401543182071
2024-06-03,0.006026565754072178,0.006482974528947228,0.006891192927703305,0.005837883848919479,0.007785872366452756,0.006482974528947228,0.009461070187554365,0.006546425758029866,0.008443305728213578,0.006482974528947228,0.010524397276443383,0.006443939382524728
2024-06-04,-0.0008397242239212185,-0.002138941221930155,-0.0005116450757555011,-0.0009082049517632974,-0.003171564990438626,-0.002138941221930155,-0.002231317542852406,-0.0021581202759760713,-0.005090775182071019,-0.002138941221930155,-0.002924452899997767,-0.002654221538595603
2024-06-05,0.0027404067781252616,0.002791581483308755,0.001765347575470669,0.0019681062613991214,0.003065984722613146,0.002791581483308755,0.0018520257042348009,0.0019520958326712707,0.003340429922630164,0.002791581483308755,0.002193713176975871,0.002151229417880843
2024-06-06,0.006039278632266342,0.007092032538962878,0.007221690871296018,0.006861167466948428,0.007348082254081272,0.007092032538962878,0.007751063996313771,0.007414118215725621,0.008014137213241995,0.007092032538962878,0.007733684296868277,0.0074317570776293316
2024-06-07,0.00042271162888762225,0.0011305680016827097,0.0005295546368635484,-0.0001421424512410242,0.0012646930128564172,0.0011305680016827097,0.0011199081774572277,0.00010541929365317263,0.0011674441793579704,0.0011305680016827097,0.0013525076646165477,-5.2621286629315094e-05
2024-06-11,-0.005886373651348685,-0.00962089993826372,-0.003953715039594643,-0.003667208929482981,-0.006135702470534706,-0.00962089993826372,-0.00346952939338483,-0.003016402659441027,-0.005064173866707932,-0.00962089993826372,-0.0038280994952127763,-0.002600968520196483
2024-06-12,-0.00024800625737787655,-0.000991644378305801,4.894987732441543e-05,0.0005498441022292028,-0.0016801157623539096,-0.000991644378305801,-0.0012659762571983126,0.0002604481731637014,-0.0020396625740867116,-0.000991644378305801,-0.0019457366949506615,0.0003897608703772702
2024-06-13,0.004474160722600546,0.004742085710257797,0.0044401255738957006,0.00391603424151161,0.004542468037712574,0.004742085710257797,0.004956471053186712,0.003906348231305048,0.004282936132681021,0.004742085710257797,0.005306981168421141,0.0038354647994514658
2024-06-14,0.00019729626676455008,-0.0006559800246309342,0.00016594413137491248,0.0005589918630744383,-0.0005763617004226741,-0.0006559800246309342,-0.0003721217551712253,0.0004953474075957542,-0.0004737094554823856,-0.0006559800246309342,-0.0006492189451501562,0.0007441900557450285
2024-06-17,-0.00014369564679415407,-0.0014441781735100977,-0.00042899628154632636,0.000866824419493322,-0.0013977409574978273,-0.0014441781735100977,-0.00235858176649765,0.0006256241755487275,-0.0014162906093904842,-0.0014441781735100977,-0.0032890542483336336,0.0008604377030158929
2024-06-18,0.0026473737488423377,0.004109666581938676,0.0033566041990151273,0.0018861843968457513,0.004814809125126734,0.004109666581938676,0.0055267589876238105,0.002502668593131818,0.005038319708318163,0.004109666581938676,0.00635106736676398,0.0021629524061814913
2024-06-19,4.027297049623967e-05,0.001383047270542202,-0.0004014330959254382,-1.914916155081467e-05,-0.00024458307675736456,0.001383047270542202,-0.0002469015102673732,0.0002920231593892659,-0.00022495035598471482,0.001383047270542202,-0.00025163350234261685,0.0004592495854903494
2024-06-20,0.0006774681286869004,0.0008223227359771059,0.0015251148934038892,0.0011954258989535901,0.0010735145413138787,0.0008223227359771059,0.0014312542045832378,0.0013179880355245525,0.0013315971464686316,0.0008223227359771059,0.0013372391441227054,0.0013260255886350476
2024-06-21,0.0007466523299214904,0.00220610316607895,0.00043479196692554453,3.30953348515366e-05,0.0011750897222672263,0.00220610316607895,0.0003396625229744093,-0.00024890925022088965,0.0007950852348151973,0.00220610316607895,0.0005701707217395284,-0.0005004130364112112
2024-06-24,-0.0029828019714940998,-0.0052805780085631495,-0.0035703454806243116,-0.0030270745724791503,-0.004412703389530343,-0.0052805780085631495,-0.0036359216877275883,-0.003530030739340497,-0.004600126554029172,-0.0052805780085631495,-0.003684861745937365,-0.003378187823282383
2024-06-25,0.003587063463593092,0.005537749573411004,0.0021304981756728133,0.0015840740372733673,0.005279541003882083,0.005537749573411004,0.0034486732130458923,0.0019478383328528062,0.00518180757128451,0.005537749573411004,0.004343111419565925,0.0017042724087788438
2024-06-26,-0.004175867472933275,-0.005772097781045668,-0.0026638313092538766,-0.0027693673036985676,-0.004592872529448371,-0.005772097781045668,-0.0022459735043842475,-0.002519306316765212,-0.004519405344557847,-0.005772097781045668,-0.0027877813608908997,-0.0025014160636886644
2024-06-27,-0.0032653698008092776,-0.004156433890710935,-0.002956273867747763,-0.0030266651052028672,-0.0029360192578829726,-0.004156433890710935,-0.0027068469142587036,-0.0031105360094833214,-0.0029322329994229865,-0.004156433890710935,-0.0027616203448339364,-0.0033074665172046582
2024-06-28,0.005352737124677668,0.005686088706950582,0.006650725271193462,0.007015504791324978,0.005692757847042663,0.005686088706950582,0.005790899976287645,0.007390636861878934,0.006664854852724129,0.005686088706950582,0.005377144888564585,0.007724989126009301
2024-07-01,-0.0024905901881761105,-0.0016856514659181476,-0.0023092586346531957,-0.0031594448031927636,-0.002558989933611766,-0.0016856514659181476,-0.001824586001240659,-0.0031304445667879512,-0.0031483032800377975,-0.0016856514659181476,-0.0016442988687993564,-0.0032839995696471074
2024-07-02,-0.002231846500298723,-0.002336434779743923,-0.001416526025015765,-0.0010006033632263835,-0.002223006002774361,-0.002336434779743923,-0.001823097122904206,-0.0008461505669926825,-0.0018526543874616377,-0.002336434779743923,-0.0020236534605427917,-0.0008288328754177327
2024-07-03,0.0018222703450699238,0.0023375028416095928,0.0023186360592950864,0.001487481097240489,0.0024680995452451685,0.0023375028416095928,0.003019713678215622,0.001629636505648389,0.002600358776629348,0.0023375028416095928,0.0032812622313328934,0.0016542380818257976
2024-07-04,0.004862498911913492,0.007530597846740403,0.003927175302310786,0.003685950390015091,0.006295337637637081,0.007530597846740403,0.005285621244664983,0.0041913325675646,0.006269349483046803,0.007530597846740403,0.005835091938456342,0.003987239522666676
2024-07-05,0.00020905350073925847,4.874180468527374e-06,0.0005424920196126612,0.0003478198626482634,-5.622347720625733e-05,4.874180468527374e-06,0.0002856884984691916,0.00024618592565298195,-0.00016197935875436988,4.874180468527374e-06,0.00020005536198618265,0.00026486996884881117
2024-07-08,-0.0009006585652503075,-0.0015006823191609842,-0.00045876100979175044,3.923477630960403e-05,-0.0024658276859687205,-0.0015006823191609842,-0.0019036836366566924,-0.00031757104077243507,-0.002674026546306455,-0.0015006823191609842,-0.002354911333875229,-0.00013873954335297476
2024-07-09,0.0030558466776079455,0.0027724208877559385,0.0026212565797203912,0.0023440224339610683,0.004056554502193065,0.0027724208877559385,0.0040343131092608585,0.0026187821755821244,0.004319887370501479,0.0027724208877559385,0.004385728433512096,0.0025288438640461634
2024-07-10,-0.0004983303579720488,-0.00041704907241296783,-0.0003674645296527452,-0.00039387263202822807,-0.0009033489759658272,-0.00041704907241296783,-0.0010180841351415245,-0.0005157617907353923,-0.0012813462099529591,-0.00041704907241296783,-0.0012328923700126813,-0.0005654518307405368
2024-07-11,0.004945226821501493,0.006877193078463934,0.005612538625406051,0.004683523266434195,0.007352078306543209,0.006877193078463934,0.0073713088506162025,0.005509464308979699,0.008339096569540759,0.006877193078463934,0.008017189711637939,0.0055705209337768785
2024-07-12,0.0026584306604326446,0.005370873839592455,-0.00021620878122528267,0.00033426053982312876,0.003301232308274859,0.005370873839592455,0.000337411621303329,5.2475673500391845e-05,0.0030857512563171405,0.005370873839592455,0.0010541252897622233,-6.36383815182231e-05
2024-07-15,0.0036810521936176885,0.0041297657274204395,0.00467983823564503,0.0035142326467806073,0.0052544756882477095,0.0041297657274204395,0.005833981850257283,0.0038739144135362612,0.0055145974429857535,0.0041297657274204395,0.006173302231492881,0.003709185478156274
2024-07-16,0.0029256262691771894,0.002924841125501511,0.0038354144878508453,0.0038582399569519494,0.0022596187840372016,0.002924841125501511,0.002801516989972932,0.0035563558675055463,0.00218018508950763,0.002924841125501511,0.0025862825517405604,0.0036016642430121565
2024-07-17,0.003960679906802054,0.006073398129966772,0.003455606419210718,0.003515658848356424,0.005275988307449917,0.006073398129966772,0.00379105316427413,0.003679133457411026,0.005698280705880899,0.006073398129966772,0.004212459462312289,0.0036255257660915328
2024-07-18,-0.0029864532477213977,-0.004014051589731797,-0.004099178901013663,-0.003261141751947737,-0.0045944687399317105,-0.004014051589731797,-0.005329580699362016,-0.0038871935716423955,-0.005621807931179093,-0.004014051589731797,-0.0058086187431330505,-0.00407459369444931
2024-07-19,-0.005607546972051172,-0.008798215856916662,-0.006385439984078322,-0.006091959289554304,-0.0070900824953008075,-0.008798215856916662,-0.007079277463653319,-0.006937055961797439,-0.007520300468472919,-0.008798215856916662,-0.007399251430046615,-0.006823349768556028
2024-07-22,-0.0028634916565882054,-0.0036515258537087626,-0.003460708202745324,-0.0026609069855953265,-0.0032636527401886098,-0.0036515258537087626,-0.0037920579716283122,-0.002862691376694888,-0.0028857913027469503,-0.0036515258537087626,-0.003823711729995095,-0.0027124157051005766
2024-07-23,0.0033484717151524195,0.003574335029409632,0.004666069771415208,0.004125510054816151,0.005288155815349004,0.003574335029409632,0.006016693928587531,0.004883057482205221,0.006437345580658268,0.003574335029409632,0.006338383728055948,0.004948777145293645
2024-07-24,-0.000711834460388036,-0.0017120040740286968,-0.0006548806629422949,0.00015377701475552565,-0.0014448311685029106,-0.0017120040740286968,-0.0020665777663672175,-0.00028536895834514763,-0.0016428782903563047,-0.0017120040740286968,-0.002527362559253012,-0.00041024523217020467
2024-07-25,-0.007312243827495921,-0.009717489358847963,-0.00991639319939108,-0.007425950422775242,-0.01006441572417241,-0.009717489358847963,-0.01229276828855655,-0.008295540433993599,-0.01034988204449633,-0.009717489358847963,-0.01300004500923934,-0.007920626543081967
2024-07-26,0.0020329277872697575,0.0030032936706507695,0.0009195317093338095,0.0009408245923667435,0.002925628809631912,0.0030032936706507695,0.0016167735702246767,0.0011936085462005992,0.0028649948503559433,0.0030032936706507695,0.0018627473080772648,0.0011068850644261974
2024-07-29,0.006739732433296514,0.008010634751807147,0.00826904396463036,0.007236027502221215,0.008537401254082222,0.008010634751807147,0.009682675626183867,0.007831599715263515,0.009277809996461786,0.008010634751807147,0.010141972550006659,0.007793244043914488
2024-07-30,-0.0024967032809377504,-0.0030642806062131604,-0.0032567595324016945,-0.002896156335228961,-0.003686499912434585,-0.0030642806062131604,-0.003935068523964715,-0.003416797960663988,-0.004244245843039867,-0.0030642806062131604,-0.004101456872361468,-0.003411336991840967
2024-07-31,0.011330762952894657,0.013869694910807731,0.01127967463351154,0.011199868158712096,0.014021047378103812,0.013869694910807731,0.012328016962754542,0.012003599826194849,0.015297808156596497,0.013869694910807731,0.013025874650547602,0.011983131956267233
2024-08-01,0.004280496694910407,0.005808804608552198,0.004943851154360073,0.0044282043420040456,0.004681426653988518,0.005808804608552198,0.005136236356118756,0.004616330947953702,0.004825968080773266,0.005808804608552198,0.005360729823073259,0.00466328807339231
2024-08-02,-0.012242532523085,-0.016343864350307026,-0.01601995056262815,-0.013068033757735301,-0.01883519187671848,-0.016343864350307026,-0.021314100836710165,-0.01584673285322894,-0.021980462093996914,-0.016343864350307026,-0.022724731575804055,-0.016007274738965318
2024-08-05,-0.015015374171034868,-0.023540541300791206,-0.021861597756142503,-0.013966118578829423,-0.025708384825555545,-0.023540541300791206,-0.03161099874875642,-0.017859135302330624,-0.0284639234074442,-0.023540541300791206,-0.03452444847080356,-0.017189882533010303
2024-08-06,4.3912233056913777e-05,0.004520255413663017,0.0022853899374340493,-0.0019525856685477436,0.0035654644629269034,0.004520255413663017,0.007238959287642439,-0.0003854643135967578,0.004147828202740999,0.004520255413663017,0.008757944877571732,-0.0003174881453161637
2024-08-07,-0.001262601971407033,-0.0018115034825407572,-0.0009142141180528953,-0.0009450127592769246,-0.0006258360946144507,-0.0018115034825407572,-0.0003047718369002558,-0.0004350385837983092,-0.00017585546489978145,-0.0018115034825407572,-0.0004076017858376462,-0.0004237138374332256
2024-08-08,-0.0038938108500657584,-0.0049935955700650715,-0.00624703122116328,-0.004310149350544911,-0.005891837831939299,-0.0049935955700650715,-0.008601975181557371,-0.00478613870215166,-0.0067504159962858456,-0.0049935955700650715,-0.00934496791405685,-0.004711059096003315
2024-08-09,0.008220296222234922,0.011720840740446282,0.011397860525183209,0.008450258634871295,0.011980640912846193,0.011720840740446282,0.014586125828666734,0.010096220552065042,0.013277153890151442,0.011720840740446282,0.015573338131996461,0.010054436601302952
2024-08-12,0.004001304999838665,0.004895696268659991,0.0045802475902303325,0.0045576807938342255,0.005175880355248948,0.004895696268659991,0.005229162347567494,0.004880023992545779,0.005968597311767738,0.004895696268659991,0.005508127836296653,0.004882890476131231
2024-08-13,0.0027041346381711153,0.003923559157278107,0.0036141345360723868,0.0030722652401019407,0.0028163816391854977,0.003923559157278107,0.003650796383867525,0.0031709771758816883,0.0025740306173964392,0.003923559157278107,0.0037978970806136292,0.0029865465683700876
2024-08-14,0.004679475713987405,0.004245869957245971,0.006162714230885507,0.004377309840095759,0.005219750310204018,0.004245869957245971,0.007420290311980751,0.004241905296095452,0.005174918824953172,0.004245869957245971,0.007757939770479224,0.00417639264148524
2024-08-15,0.003277925078738075,0.003054906729188609,0.004313239156073603,0.003719615132438687,0.003837091136022451,0.003054906729188609,0.004963905640704067,0.003997200954459517,0.004262508504428388,0.003054906729188609,0.005061944755231894,0.004056523572200746
2024-08-16,0.006320112828019148,0.007395075066311855,0.009623744248525721,0.007375153413970948,0.009969750026707325,0.007395075066311855,0.012510227452678666,0.008739851119926109,0.011354156706480502,0.007395075066311855,0.013151298340636296,0.00850132555102894
2024-08-19,5.082775281759293e-05,0.0017212875144206002,-0.0011058095008942405,-0.00033978136473462276,-0.0003696893549945099,0.0017212875144206002,-0.0021462709805440024,-0.00026021909781905614,-0.0008279035071986276,0.0017212875144206002,-0.002268552057259881,-0.000297821574963896
2024-08-20,0.0012780418556638746,-0.0002439757668962011,0.003219446534018902,0.0021516725042931345,0.0015106737249058469,-0.0002439757668962011,0.003670401885305248,0.0024443557189895225,0.0013931904783330955,-0.0002439757668962011,0.003433017224168729,0.0022811923428332835
2024-08-21,0.0011793637158321023,0.00023896086995415386,-0.00036190222175931853,9.700997760950196e-05,0.00012752362340873503,0.00023896086995415386,-0.0013496045730104717,-0.0006338117667889547,-0.0007119642937752481,0.00023896086995415386,-0.0015646093506612138,-0.0007568213816068317
2024-08-22,0.0016355621167510658,0.002575819897115346,0.0017888573947478451,0.0016383124394542584,0.0027890739490786776,0.002575819897115346,0.0026537309910441846,0.0021398913588943015,0.0035043746881663774,0.002575819897115346,0.002924796703239122,0.0022678919355534864
2024-08-23,-0.0012783293234073765,-0.0020134828323506325,-0.0013821918099473991,-0.0017220394099883734,-0.0012242296318510262,-0.0020134828323506325,-0.0013422580006355869,-0.001952525202048359,-0.0013433922651500862,-0.0020134828323506325,-0.0013282868714135359,-0.0019376586910331785
2024-08-26,0.0040933791740910865,0.00523183149650279,0.0036670891579453123,0.0032454358473885665,0.004384900245101876,0.00523183149650279,0.004291047722340501,0.0033618032923979626,0.0038995744178954047,0.00523183149650279,0.004522825048064311,0.0031479459651539486
2024-08-27,-0.0015745092939608765,-0.0014528863669834898,-0.0010932231566244427,-0.0016067507229656655,-0.0018340622244230839,-0.0014528863669834898,-0.001366269149161883,-0.0016277692714606533,-0.002458941321266606,-0.0014528863669834898,-0.0014551513816204976,-0.0018007228604267973
2024-08-28,-0.0004372373879182608,-0.0011948543552883874,-6.266616265751263e-05,-0.0006180543931654749,-0.0002479844896388653,-0.0011948543552883874,0.00028518657234126443,-0.000840932542291943,-0.00046556041473713305,-0.0011948543552883874,0.0003466056425200227,-0.0009884480294800877
2024-08-29,-0.0026118346124768205,-0.0032067963985310147,-0.0038786641129852865,-0.0031758967983486364,-0.004044284387720101,-0.0032067963985310147,-0.0053354224364454,-0.003663422048150873,-0.005031954985404265,-0.0032067963985310147,-0.005741052660778644,-0.0037397980022947216
2024-08-30,0.0025463012779538127,0.004346009663005769,0.0029051028454631644,0.002190008132416336,0.00442067143195962,0.004346009663005769,0.004826798365183239,0.0028517651064817436,0.00536076971767035,0.004346009663005769,0.005462198476707236,0.0029054658128500545
2024-09-02,0.0017754208892770869,0.0019250373934949657,0.003546004712421455,0.002232637999286313,0.003267383820834468,0.0019250373934949657,0.0050380230273078495,0.0025866114456724477,0.0036817854464940517,0.0019250373934949657,0.005688236721163593,0.002351416857412239
2024-09-03,0.0007827834412983602,-0.00023639769173198764,0.0016019597741035313,0.001523951931601881,0.0010327050357277067,-0.00023639769173198764,0.0012908231984948687,0.0015367862145268623,0.0012625311354340692,-0.00023639769173198764,0.0011040274624161146,0.0015108554369393245
2024-09-04,-0.00921864810663833,-0.011750564972546557,-0.013018307137448315,-0.009356677145238662,-0.014303241403518668,-0.011750564972546557,-0.01793734891559196,-0.011074218419739906,-0.015887795655304675,-0.011750564972546557,-0.01903370814325627,-0.010661619065100469
2024-09-05,0.003189757375928482,0.004578628035722959,0.0020204184607179538,0.001977562973527841,0.0033138761801445988,0.004578628035722959,0.0025877331450030903,0.0018166700701568222,0.0029899911938419065,0.004578628035722959,0.0032260805838086977,0.001730877500385641
2024-09-06,0.0003306996293630003,0.0017422203255480257,-0.0014672478928079752,-0.0005147227876641382,0.00042226100427291704,0.0017422203255480257,-0.0020717673637942343,-0.0004426037434728688,0.000361826228777764,0.0017422203255480257,-0.0019165811571324669,-0.00039330994506121326
2024-09-09,-0.0030232294837432903,-0.004192254312115087,-0.004107596486614105,-0.0035016320529733455,-0.0035024073412838245,-0.004192254312115087,-0.004787514303899805,-0.004035063372525565,-0.0037089057861734217,-0.004192254312115087,-0.004599692965972126,-0.00400602039970707
2024-09-10,0.0030511231996391977,0.003812081610796281,0.0034222837997706776,0.003101625454591642,0.003714949601124512,0.003812081610796281,0.004311928513443756,0.0032630524386929446,0.003972886560656864,0.003812081610796281,0.00449352613042311,0.003164785458036098
2024-09-11,0.0015309077468738373,0.0010510177896584808,0.0012239415839449769,0.002024478020372109,0.0004606612852197875,0.0010510177896584808,-0.00031773749764532025,0.0016455239400087263,0.00038861373155006304,0.0010510177896584808,-0.0006366415307471597,0.001873949503476354
2024-09-12,0.007029344354649915,0.009402537166372845,0.009040563054671095,0.006243193676457429,0.010375425573699245,0.009402537166372845,0.013102950523054708,0.007179483634908691,0.01110566099139116,0.009402537166372845,0.014286977745035904,0.006786704547704931
2024-09-13,0.003665444406133378,0.0056096535102148366,0.004293844719855592,0.00373927304578602,0.004197997633528804,0.0056096535102148366,0.0041144128241069845,0.00398617427621472,0.004320369775201312,0.0056096535102148366,0.004169965925463689,0.003988669412928842
2024-09-16,0.0020695354555977465,0.00228868947353088,0.002923690256574556,0.0028445498382664827,0.0026209535299479576,0.00228868947353088,0.0023359987889108565,0.0032634373769001826,0.0028789862167781857,0.00228868947353088,0.0023008214201041166,0.0032945985292591193
2024-09-17,0.0008811109648315139,0.0017231556123889185,0.00032904013891701527,-1.066224837545819e-05,0.0010770655619979257,0.0017231556123889185,0.0012869597678553681,1.8807087584828426e-05,0.000873171269693079,0.0017231556123889185,0.0017528596073988418,-6.020286480939552e-05
2024-09-18,-0.0007475444911382744,-0.0010155936568407074,-0.0005893039720024066,-0.0010100576323253917,-0.0005318266510111829,-0.0010155936568407074,-7.790428370543922e-05,-0.000999135640356026,-0.0006249745808323459,-0.0010155936568407074,-3.53684922135709e-05,-0.0010888509687447603
2024-09-19,0.0010192158863308206,0.0031734521908139786,0.0018038271279505426,0.00032649952953105746,0.0030609897398479274,0.0031734521908139786,0.004004501242907349,0.0010163055630036987,0.003400456808274246,0.0031734521908139786,0.00465414653411779,0.0007687090662237676
2024-09-20,0.0025197335494543797,0.0032224304665729167,0.0033101616782442787,0.00301375149438336,0.00295979187535658,0.0032224304665729167,0.0033411385408092546,0.003267844293280176,0.0032680354688773795,0.0032224304665729167,0.0033563416705209605,0.003320146932765128
2024-09-23,-0.0020751491230575855,-0.0018152011056799644,-0.0005175301143717125,-0.00022720706478933334,-0.002609451053202454,-0.0018152011056799644,-0.0018644311894504694,9.050823474246491e-05,-0.0024502694509265016,-0.0018152011056799644,-0.0025574702607136478,0.00017124894260110168
2024-09-24,0.0012321254937812938,0.002460410779161552,0.00032521590193244275,0.0009141300075706803,0.0013740393337169216,0.002460410779161552,0.001161088203755325,0.0011624141548510643,0.002079336867569736,0.002460410779161552,0.001188008432895096,0.0014927972593296952
2024-09-25,0.00013861854998533212,0.0022682644160392303,0.00024024048486729396,0.0008481823757816233,-0.00035712881515004345,0.0022682644160392303,-0.00057930952948639,0.0013375231967515243,-0.0003776209252219222,0.0022682644160392303,-0.0006341171624174794,0.001426065081441481
2024-09-26,0.004821914568539382,0.007377402592316721,0.005375820927153032,0.004747140547280674,0.00813555778895671,0.007377402592316721,0.007984140136683927,0.005923925401328378,0.010170613405999248,0.007377402592316721,0.008452506633454345,0.006204531942619317
2024-09-27,-0.000724199180059114,0.00013244024447470022,-0.0011805569180196613,-0.0006792393010248653,-0.000144356005646109,0.00013244024447470022,-0.0008684295513339234,-0.00012617182290354994,0.000383869611756375,0.00013244024447470022,-0.0009911142134466121,2.12183258567621e-05
2024-09-30,-0.00038107111888276997,0.00016923131480533145,-0.0028725222438513243,-0.0021925766375877694,-0.000625746710210557,0.00016923131480533145,-0.0029917905893330587,-0.0022621561127200837,-0.0013628255634412076,0.00016923131480533145,-0.0028651679180930843,-0.0024203099127314462
2024-10-01,-0.0013246870699069257,-0.0014413686181544705,-0.0004807305009345017,-0.0011853371087981706,-0.0017507872801159562,-0.0014413686181544705,0.00012371414763741908,-0.0013701423261154705,-0.0015786697651861503,-0.0014413686181544705,0.0003401732044747423,-0.0011956924084592644
2024-10-02,-0.0005901732213861731,7.087122268036465e-05,-0.00287077774923242,-0.0001006692994738604,-0.0013060983809164658,7.087122268036465e-05,-0.004367797185416315,0.0001868929319202007,-0.0006511108878466154,7.087122268036465e-05,-0.004850320301762587,0.0005780071774781372
2024-10-03,-0.00011951545709324029,0.0013554088239850356,0.0007879170171698291,-0.00010486119471261094,0.0011734515688581674,0.0013554088239850356,0.0013666649575942986,0.00012576106062976326,0.001377086361870853,0.0013554088239850356,0.002179849196404074,-1.8013198735080125e-05
2024-10-04,-0.0019062990477711713,-0.001531294652741662,-0.0006981231735938961,-6.730270174937656e-05,-0.0017410086210632048,-0.001531294652741662,-0.0016851050892586613,0.00043921796085894893,-0.0007119090148706799,-0.001531294652741662,-0.00207358236482474,0.0008342094947543002
2024-10-07,0.0011994906762965154,0.0016028850123375035,0.003473131550979312,0.0023558903773729743,0.004700067466695511,0.0016028850123375035,0.006433038034146149,0.003543775308173193,0.006534131598248623,0.0016028850123375035,0.006548808207397787,0.003435462529601904
2024-10-08,-0.0006397947595816999,-0.0025019626258940813,-0.0006953112435674356,-0.0004602781423914976,-0.0017601908555709399,-0.0025019626258940813,-0.002346235429533914,-0.0013960448345729192,-0.0023451141025734386,-0.0025019626258940813,-0.0023775200576460803,-0.0014751676022572244
2024-10-09,0.0004134768920897936,-0.002137547605009905,0.0014219825794005532,-0.00017590834950316492,0.0002298143950826551,-0.002137547605009905,0.0023486595377486454,-0.000621703859487348,-0.00034801253659379606,-0.002137547605009905,0.002110253675826309,-0.0008228512954171484
2024-10-10,0.002396739931969449,0.003617206365369372,0.004149216514339481,0.0033599493433139646,0.004532888960273277,0.003617206365369372,0.005786230748813579,0.004359256198183855,0.005788451426164138,0.003617206365369372,0.00609136549620739,0.004423743475517865
2024-10-11,-0.00015280564563042661,-0.0003796308938977338,0.00019904835014599576,8.582838764048802e-05,-0.0006907412052512019,-0.0003796308938977338,-0.0005819191257454992,-0.00039615705685296944,-0.0013138056633531009,-0.0003796308938977338,-0.000824920038108806,-0.000626457917083878
2024-10-14,0.0023879905820273317,0.0035214437481965537,0.0034260560220106826,0.0032410778700291136,0.003932299363642638,0.0035214437481965537,0.003953661199406562,0.00410975419180679,0.004813819585286989,0.0035214437481965537,0.004178370849522829,0.004179407754139396
2024-10-15,0.005267536665904381,0.0046193420800581,0.00652086060120936,0.005048824541642664,0.007035814290474964,0.0046193420800581,0.008675106284578783,0.005159143993564928,0.007568022301368133,0.0046193420800581,0.008930513730280884,0.004949380872535046
2024-10-16,-0.0015351881980871383,-0.001304892868710247,-0.00305941505171275,-0.0016818519836328274,-0.003119596300999717,-0.001304892868710247,-0.005352861821453082,-0.002262410845208179,-0.0039032157508926005,-0.001304892868710247,-0.0052303766619548305,-0.0022458628933705385
2024-10-17,0.0025033674390857216,0.004350194108276545,0.0017415461855694496,0.0014373265754226124,0.003923661155244246,0.004350194108276545,0.003538396087403052,0.001488190700361207,0.004094970071710624,0.004350194108276545,0.004040036097805706,0.0012116962645140627
2024-10-18,-0.0029458971326929823,-0.003924508997727233,-0.0011092351579196553,-0.0008400904372332796,-0.0037453664138967714,-0.003924508997727233,-0.0032261590510979793,-0.0007136180791058176,-0.003557738730597071,-0.003924508997727233,-0.004033944531487183,-0.0004642832964073921
2024-10-21,0.00461316255046499,0.006165631280957882,0.004702574001907899,0.004469842596400924,0.00581142493439161,0.006165631280957882,0.005693984376224078,0.004778681465678001,0.006164494732561674,0.006165631280957882,0.0059833519917921706,0.004647396668329815
2024-10-22,-0.008126402882319594,-0.009127229265413463,-0.005813940530877735,-0.005232860356860708,-0.009192188911604508,-0.009127229265413463,-0.007863797294628319,-0.004846533978286309,-0.008602452200469873,-0.009127229265413463,-0.008844558311314752,-0.004447551281510913
2024-10-23,0.00028036185368099685,0.0006817434123152282,0.0007415983774959592,0.0007124314612010476,0.0007682034464051868,0.0006817434123152282,0.000619692797678261,0.0007859292954310708,0.000899899374748974,0.0006817434123152282,0.000666221718338555,0.0006946538017734787
2024-10-24,-0.0007738201103367211,-0.0021461520060728693,-0.0015858177420924786,-0.001162589333893535,-0.0016962474456554866,-0.0021461520060728693,-0.001970210253621098,-0.0016044159694630904,-0.002337018631274246,-0.0021461520060728693,-0.0018544074571743095,-0.0017747460129747645
2024-10-25,0.0010835905499495572,0.0004076505190994274,0.00076896853862138,0.0012592870064806068,0.0009528419031598049,0.0004076505190994274,0.00020195264066537867,0.001157734057732613,0.0012011454535316409,0.0004076505190994274,-4.809362563710754e-05,0.0013018308328081021
2024-10-28,0.0014658440989309394,0.0008884072162095145,0.0040907335092718045,0.0032232540357016726,0.0029226668593659772,0.0008884072162095145,0.004277036408831022,0.003772085031686111,0.0037043374619684074,0.0008884072162095145,0.004158576348420877,0.0037149287994716297
2024-10-29,0.002127884248977469,0.002554342536089291,0.002104472908975662,0.002603968470173704,0.0024584976091878833,0.002554342536089291,0.001513568589335557,0.002638678358909731,0.0027053633018000647,0.002554342536089291,0.0014648259453292438,0.0026395024491457915
2024-10-30,-0.000608916458572099,-0.001014837708146645,0.0010171465032584016,0.0009654231847896764,-0.0011765452968074224,-0.001014837708146645,-0.00040848452483739173,0.0008690905116537299,-0.0008395243462853334,-0.001014837708146645,-0.0005616697272953223,0.0011333239788782357
2024-10-31,-0.004334590198167024,-0.003107296601736746,-0.006130778093082921,-0.005419019567715369,-0.005133114492096801,-0.003107296601736746,-0.006610759912334076,-0.005703109147591322,-0.005742501909137158,-0.003107296601736746,-0.0065209440957510025,-0.005731298757158995
2024-11-01,-0.005435893347611819,-0.005296920911842252,-0.008304220434521883,-0.006599053872708626,-0.006680876073991948,-0.005296920911842252,-0.008450847843680744,-0.006897468940891489,-0.007254367855498547,-0.005296920911842252,-0.00845533480475782,-0.006970512160381113
2024-11-04,0.0014880214926895141,0.0013925953474719756,0.001597391579914324,0.00040044531095955366,0.002205084932089278,0.0013925953474719756,0.0029796297258892985,0.0004942550078119687,0.0022263542292355735,0.0013925953474719756,0.00300088143463148,0.0004589982114322527
2024-11-05,-0.0016077543179255052,-0.0019373851346342276,-0.002385003743373549,-0.0013589625110250316,-0.002318410976267826,-0.0019373851346342276,-0.0033757288905563385,-0.0013527918124617666,-0.002163208502855633,-0.0019373851346342276,-0.0036092013707986897,-0.0011424913336709325
2024-11-06,0.0069419940557490815,0.007087790486622147,0.012672767284563062,0.009318196471766486,0.010801506034747384,0.007087790486622147,0.01521196099653989,0.010278839670552497,0.012325297622902938,0.007087790486622147,0.015827829579905146,0.010048187467291159
2024-11-07,-0.0003164679695137912,-0.004529891465682185,0.0012584763205640934,-0.0008154125541818845,-0.0009281903664743353,-0.004529891465682185,0.0026039272376414523,-0.00042817457235624223,-0.001561630780386385,-0.004529891465682185,0.001630909406724848,-0.000551944659320495
2024-11-08,0.005537842057925849,0.007615906947897855,0.004983013823532743,0.005037887303847471,0.006550151790623244,0.007615906947897855,0.005831282483650576,0.005225896806216115,0.0067377703087731795,0.007615906947897855,0.006239138832520297,0.005136496328508198
2024-11-11,0.0010100977134576707,-0.0008482073493731335,0.0029641642196850814,0.001585014830747872,0.0011595658607093148,-0.0008482073493731335,0.00281250388326746,0.0012883192841739912,0.00146192093389981,-0.0008482073493731335,0.002919378209083946,0.0013851917726602928
2024-11-12,0.0002526166026106353,-0.0015017736864741031,0.0009990192978962117,-0.0004579323719218419,0.00022656298646343918,-0.0015017736864741031,0.0022284274520377196,-0.0007773580466086191,-9.606565930177051e-05,-0.0015017736864741031,0.002463277380704989,-0.0009549052141087903
2024-11-13,-0.004967000990455857,-0.00489837806222318,-0.004805090469851566,-0.004167088029461229,-0.005072175986282899,-0.00489837806222318,-0.004889488174862471,-0.004072255837366301,-0.004934730525083613,-0.00489837806222318,-0.004890973644405168,-0.004144118063792595
2024-11-14,0.0009742084808983646,-0.0008416678240810339,0.001663086669341205,0.0005839127718804323,0.002439863990973761,-0.0008416678240810339,0.002331735234693552,0.0007644446751826694,0.003275300763620447,-0.0008416678240810339,0.0023945438662561183,0.0009289539452570899
2024-11-15,0.0018374674185743505,0.0029032954855642006,-0.0004573037787481477,-5.652207315679139e-05,0.0017440603905216439,0.0029032954855642006,0.0004173667712594939,-0.0004221345390683378,0.0009785520599153894,0.0029032954855642006,0.0007462697543159624,-0.0007057370712431406
2024-11-18,-9.125357568924439e-05,0.0014162714817224202,-0.00231842280330436,-0.0004877609020689444,-0.00037362138572810064,0.0014162714817224202,-0.002520615175242767,-0.0005730603430396205,-0.000435791786454888,0.0014162714817224202,-0.002558240679842682,-0.000630196076212276
2024-11-19,0.0034089594736418176,0.00507823328904532,0.0023667263594224896,0.0019488085639426697,0.0041008549279154625,0.00507823328904532,0.0030243381872140716,0.001836096719371868,0.0035724737857779068,0.00507823328904532,0.00347934842824877,0.0016194457446299132
2024-11-20,-0.001529132620601514,-0.0037949274343786216,-0.00013490644182984993,-0.00023847850975203187,-0.0032104350649971533,-0.0037949274343786216,-0.002321193910697747,-0.0004899145989796345,-0.003891392961481982,-0.0037949274343786216,-0.0029745592148994653,-0.00042706314944827075
2024-11-21,-0.0008209816394485596,-0.00024956373340028664,-0.0010463313249281971,-0.00028835893015702633,-0.0009433993864187498,-0.00024956373340028664,-0.001885453104855406,-0.00014073032185671686,-0.0008976997842005319,-0.00024956373340028664,-0.001953365313001236,-8.50519147538084e-05
2024-11-22,0.00552290397204596,0.006419906931020614,0.006875884908870415,0.005980368551691131,0.007291580721156491,0.006419906931020614,0.007943698866119142,0.006221096781977923,0.007629418264321272,0.006419906931020614,0.00834161417661614,0.005962451236443074
2024-11-25,0.004484227885706123,0.004684636202209237,0.005375712979421546,0.0038592819227030537,0.0049791895256119205,0.004684636202209237,0.006519921333624241,0.0039331700008590495,0.005030110424822387,0.004684636202209237,0.006930428797028211,0.0039540198948166535
2024-11-26,-0.0018352164911323245,-0.0036948417256010254,-0.0021763360599810146,-0.002247844126200875,-0.0031807862843429664,-0.0036948417256010254,-0.0024725689382206146,-0.0027417931343121866,-0.0031913278779159503,-0.0036948417256010254,-0.0027486692904221217,-0.002496110168765378
2024-11-27,0.0033217185419458636,0.0039032369621801,0.003623451270778021,0.003139701985380676,0.0044270344454246085,0.0039032369621801,0.004195755119026677,0.0032054939344927855,0.004619118608625056,0.0039032369621801,0.004600354893918989,0.0030895362386896053
2024-11-28,0.001639414776418596,0.0018601758682205457,0.0007727838897796682,0.0008230969888188515,0.0018553734221778168,0.0018601758682205457,0.0017192491646803266,0.0008285245852163288,0.0016956654477044497,0.0018601758682205457,0.001729767680870108,0.0006860772579693288
2024-11-29,-3.1023109670195035e-05,-0.0006878498347654323,0.00046216453905468906,0.0007845987016239886,-0.0007726108396741443,-0.0006878498347654323,-0.0005942694962926285,0.0006114661493181074,-0.0010361212284326598,-0.0006878498347654323,-0.0009704363345934965,0.0005915813019150177
2024-12-02,0.0014311102000097895,0.0008401958703634247,0.0009699242588886069,0.0013106835413197867,0.0017111486487538074,0.0008401958703634247,0.0014665798042059876,0.0015245001678660503,0.002293182005998264,0.0008401958703634247,0.001550085766209548,0.0016750304776177683
2024-12-03,0.004492856567617798,0.004463014546854465,0.005895384662867038,0.005150033909787997,0.005549920415024378,0.004463014546854465,0.006551079691671882,0.005303257243129079,0.005802284704713387,0.004463014546854465,0.00666126503317473,0.005149643482260808
2024-12-04,0.0009164590509360376,-0.0007990868218524172,0.0021930345349130457,0.003014017560865724,0.0004478881014915328,-0.0007990868218524172,0.000481310989347663,0.003233515400209775,0.0010623528570940957,-0.0007990868218524172,-9.184252081093094e-06,0.003484227124487095
2024-12-05,0.0021593207541398818,0.0026357440755975553,0.0028762735168779115,0.0031199478541725075,0.002839549756406081,0.0026357440755975553,0.0032691204703189317,0.003633229611279773,0.0037337712048526243,0.0026357440755975553,0.0034819114574137226,0.0037957846486599027
2024-12-06,-0.0019833939557679773,-0.002367546379689623,-0.0011646360798641163,-0.0007364228775732441,-0.0026525383764294985,-0.002367546379689623,-0.002372562220804411,-0.0005169853685902466,-0.002405770148725997,-0.002367546379689623,-0.002866112559711819,-0.0002493198153346603
2024-12-09,0.002857039951647425,0.001783981888194441,0.0036659298731593344,0.0036099493184590116,0.003051912761397867,0.001783981888194441,0.003477166725313326,0.0035853662951932,0.003579728495539546,0.001783981888194441,0.0032481116642860655,0.0037163071170169537
2024-12-10,-0.0009492111288878855,-0.0006020681923656135,-0.0016289794285884462,0.0006351237469835965,-0.0021952172945390023,-0.0006020681923656135,-0.003930731955770295,0.0008744268912835519,-0.0021509728270689647,-0.0006020681923656135,-0.00451746298035799,0.0010717913350624271
2024-12-11,-0.0012110442762429947,-0.0007940748461123272,-0.0008189817997683738,-0.0009845938069239489,-0.0017030949516627575,-0.0007940748461123272,-0.0012972764983975045,-0.0011969127078277578,-0.0019393531705622137,-0.0007940748461123272,-0.0014621298458416794,-0.0011753301813836128
2024-12-12,-0.0010662230933359015,-0.0011289136767924403,0.0005466691126441918,0.00026851423136490464,-0.0007836030479608951,-0.0011289136767924403,-0.0001868633783194224,0.0006900130511127503,-0.0005025712857946487,-0.0011289136767924403,-0.0004814006066737824,0.0008216411974825583
2024-12-13,-0.002763279687395727,-0.00378024877618309,-0.0020894626551009234,-0.0024055660808177033,-0.0026993896298879625,-0.00378024877618309,-0.0017269414015482587,-0.002567028255752426,-0.0025137765461173654,-0.00378024877618309,-0.0015912299453536684,-0.0026362361714961425
2024-12-16,-0.003402527429764487,-0.005465925963076746,-0.0029298786256108985,-0.0030190180057470036,-0.0046357500157448266,-0.005465925963076746,-0.0036842015037199254,-0.0030895292862240017,-0.0050499115557906685,-0.005465925963076746,-0.004159771415405623,-0.0030131465304494244
2024-12-17,0.0035066374174829123,0.004011067678468477,0.0034436584814719184,0.002782489794965367,0.00486543938958989,0.004011067678468477,0.0046625277267710215,0.0028978379255596987,0.005029600521433648,0.004011067678468477,0.005007393306930792,0.002741812958738478
2024-12-18,0.0006489155626240604,0.0012925982656761116,0.0004608208139330621,0.0011235788680838469,0.0012385400877495173,0.0012925982656761116,0.0005256527621753556,0.0013299719398802287,0.0021631185883420603,0.0012925982656761116,0.0006567052999228135,0.0015395038583888659
2024-12-19,-0.01195891206333619,-0.012887977796083831,-0.014368777299722359,-0.011342121017466811,-0.014256339881448702,-0.012887977796083831,-0.015437575795588087,-0.012025178402379716,-0.014834437534714954,-0.012887977796083831,-0.01573633568497639,-0.012269561237732925
2024-12-20,-0.006221349729275614,-0.007023703253163004,-0.0068130205120951505,-0.0064573375010637145,-0.007840267956325007,-0.007023703253163004,-0.009091202857257048,-0.006783730941986463,-0.007713611492242725,-0.007023703253163004,-0.009758248446134349,-0.006167820023734695
2024-12-23,0.010091262917787279,0.011459913200006987,0.011880414873495431,0.009703451299221488,0.01279292371620145,0.011459913200006987,0.014244030457978667,0.010208706006810573,0.01300236162738454,0.011459913200006987,0.01492534605207128,0.00986970775185204
2024-12-24,0.0013194374215269936,0.0015867565831890172,0.002470416692655107,0.0016014695591662661,0.0025411408718749875,0.0015867565831890172,0.003641793749297478,0.001758474156469901,0.003076748821754853,0.0015867565831890172,0.004002262088359699,0.0016854475737571495
2024-12-27,0.00594599777564644,0.0070908894788995055,0.007292943641042234,0.0072348912916669434,0.007253109683998146,0.0070908894788995055,0.007360076333687046,0.007952042928885523,0.008379266096896064,0.0070908894788995055,0.007386211380346098,0.008220109797505397
2024-12-30,-0.005881793714042828,-0.006553355600725518,-0.00743864947852354,-0.007451767431929803,-0.006904975764531238,-0.006553355600725518,-0.007452820417937018,-0.007890090899381854,-0.00814743177660284,-0.006553355600725518,-0.007422363298370587,-0.008165968388414612
2024-12-31,-0.002183827200771153,-0.00371231796704115,-0.004243051695407079,-0.002294493058358635,-0.004705077428510174,-0.00371231796704115,-0.00576450449779968,-0.003108207077166402,-0.005111843303137928,-0.00371231796704115,-0.006128275522828536,-0.0030047937145232647
2025-01-02,0.0019956906605508107,0.003027315449931711,0.0028281808816984213,0.0023087489584493006,0.0030077068055822053,0.003027315449931711,0.003092284754683404,0.002546416618504201,0.0029273248315676,0.003027315449931711,0.003093486655660292,0.002374117581201296
2025-01-03,0.0012892454556730063,0.004097445024776809,-0.0006707924202160273,0.00025680688453620117,0.0020649015388103683,0.004097445024776809,-0.00043186653139353057,0.0005134162372026896,0.0023706047699025515,0.004097445024776809,-0.00012443002409757758,0.000601948619397603
2025-01-06,0.00038162714750824314,-0.00035075437954057973,0.0030121183951081452,0.0005273916452887207,0.0018446531263327378,-0.00035075437954057973,0.004941918131243687,0.0006499091323897263,0.002086808616614534,-0.00035075437954057973,0.005305283000497973,0.0004604510911491906
2025-01-07,0.0004521038616816493,-0.0009398313028514673,0.000723486540549993,-0.0007600446868966912,0.00034931002920737206,-0.0009398313028514673,0.0010046406261229528,-0.001314263946739802,-0.0004691443255626234,-0.0009398313028514673,0.0012158911489232164,-0.0015617707774757616
2025-01-08,-0.00010519908344721261,0.0006116228854197882,-0.0014726142865646734,-0.0003367894185326216,0.0010660948393749847,0.0006116228854197882,-0.0015976089279128526,-6.071992445439531e-05,0.0013023059441111757,0.0006116228854197882,-0.0014808358599603243,-0.00019014598860467858
2025-01-09,0.0001686007114516219,-0.0004962827322731112,0.0005863174411202311,0.0010179598337714724,-0.0005741098104587508,-0.0004962827322731112,-0.0005123912915038633,0.0008904579526911532,-0.0007237409242027322,-0.0004962827322731112,-0.0010050799901425605,0.0009537016701907284
2025-01-10,-0.0014368127428506768,-0.0008046450533612694,-0.0006937414364734734,-0.0005557174167737105,-0.0012175470140567619,-0.0008046450533612694,-0.0009676016604016139,-0.0003744960287766723,-0.0008463610161294788,-0.0008046450533612694,-0.0010372621618170979,-0.0002893400826948063
2025-01-13,-0.007497755082353862,-0.007734023201871036,-0.007787347380630233,-0.006005940380381921,-0.008841778081088,-0.007734023201871036,-0.009626633699538348,-0.006476078614091612,-0.009014971887850349,-0.007734023201871036,-0.010059151119375147,-0.006519493723154576
2025-01-14,0.0023792838412975237,0.002678275057778713,0.002570231539917994,0.0011086544716387469,0.002725626836390611,0.002678275057778713,0.004165116423031521,0.0011517498705000853,0.0022827000913902273,0.002678275057778713,0.004651093254375522,0.0009809434318969717
2025-01-15,-0.0006122334624427474,0.0004650145376627035,-0.0005393370318647657,-0.0007936543294548568,-0.0005544971455644593,0.0004650145376627035,-0.00024874390985785903,-0.0007823794433362001,-0.0004652308160075768,0.0004650145376627035,-0.00013380104176947329,-0.0007216512866461492
2025-01-16,0.01095824696168608,0.01226625852614007,0.01238788146638847,0.010896659887567356,0.012878726275521396,0.01226625852614007,0.014171229939869181,0.011352240060496099,0.013443713019798085,0.01226625852614007,0.014538354636077918,0.011282578884561516
2025-01-17,0.0007661053435009342,0.0008354657199114983,0.0009486955277683248,0.001500558563653661,0.000424806792629884,0.0008354657199114983,0.00037604596826620786,0.0014429701614698844,0.0007392212327792188,0.0008354657199114983,0.0005034280122946588,0.0015269228892281104
2025-01-20,0.0035784518797913807,0.004370898741159846,0.004462784575105026,0.003953789374016618,0.004923232560526072,0.004370898741159846,0.0056142654421184575,0.0046208750924578565,0.005716525542276718,0.004370898741159846,0.005780331945592844,0.004732676772053588
2025-01-21,0.0027541185865762796,0.002888395249853908,0.0017321227974453307,0.0016776233804608508,0.002507751296654821,0.002888395249853908,0.0017136328982838857,0.0013472919185567355,0.0017421883997008165,0.002888395249853908,0.0019134103444176172,0.0011068386223690577
2025-01-22,0.0026020203949234863,0.003849520424134983,0.00490940601830482,0.0030892757445559163,0.004280752824088969,0.003849520424134983,0.0060807318312853026,0.003423064289667372,0.004783548356340427,0.003849520424134983,0.006419126335379049,0.0033709708913444007
2025-01-23,-0.0014377943818102775,-0.0031853785843016175,-0.0004894993703298284,-0.00014265335355365696,-0.002548643946753556,-0.0031853785843016175,-0.0020454863317215686,-0.0001140754701744524,-0.002618345971163179,-0.0031853785843016175,-0.0026133803090809915,6.709455188793873e-05
2025-01-24,0.001531021194213048,0.002900151721546646,0.0020294455732230298,0.0011869201411052294,0.0022843724732515445,0.002900151721546646,0.0026831778124262857,0.001366902499099085,0.0021838596289877727,0.002900151721546646,0.0028336639682210985,0.0012881474481998205
2025-01-28,-0.002667570636501142,-0.006122597440928151,-0.005080320811386376,-0.0034147237721164187,-0.004519783633350958,-0.006122597440928151,-0.006593922732879624,-0.004335987153456651,-0.005345030185987764,-0.006122597440928151,-0.006852515666321091,-0.0044974230564154396
2025-01-29,0.005588429326951967,0.006966533787661834,0.006320879484733678,0.006668909688960464,0.0069889984432933185,0.006966533787661834,0.006762193107367192,0.007350795041282546,0.008420192632534225,0.006966533787661834,0.007073389248259213,0.0076290532858751025
2025-01-30,0.001505782227174416,0.0013533398387062135,0.0013666784468799559,0.0016458682328761146,0.0024129475961188734,0.0013533398387062135,0.0012676312035977775,0.0019821138741978857,0.0027071108942673975,0.0013533398387062135,0.0010890125448876748,0.0019975522434703525
2025-01-31,0.0031436375659985236,0.006351943293435769,0.0036728183010999076,0.0036502860702908573,0.005103074644316907,0.006351943293435769,0.004539451687772792,0.004349932451877257,0.006357714954083037,0.006351943293435769,0.004919026015441436,0.004554305680019474
2025-02-03,-0.009076694723611249,-0.013755590831872808,-0.012526020502058989,-0.009415020725355874,-0.014292206648019706,-0.013755590831872808,-0.01704486569140297,-0.011383607325190493,-0.016199016576485183,-0.013755590831872808,-0.018465328089148855,-0.0113355166173556
2025-02-04,0.002001675438109131,0.004298738876121753,0.0040215291451736425,0.0033038105625453743,0.0030441331173278103,0.004298738876121753,0.004625875353762745,0.004003660630431478,0.003676535723264481,0.004298738876121753,0.004672505031281315,0.004095568004583058
2025-02-05,0.0027891545059023945,0.0034996267633169743,0.0024596455072837028,0.0024054951417212885,0.002355502170119293,0.0034996267633169743,0.0021333518459905844,0.002377116680148,0.0016359591271826836,0.0034996267633169743,0.002421807228471397,0.002204810741594299
2025-02-06,0.006169414908709625,0.006572268601863213,0.0066367240793970585,0.005326353762163765,0.007753752029675871,0.006572268601863213,0.008162078637719913,0.005424489716894588,0.007788869001398701,0.006572268601863213,0.008545249713103878,0.005203350396731345
2025-02-07,-0.000837561971095649,0.0005191188738406431,-0.0005585611867000331,-0.0008498714415397267,-0.00025528856384169035,0.0005191188738406431,5.098371231487583e-05,-0.0005483725752386622,9.628053115960178e-05,0.0005191188738406431,0.00018991309358503395,-0.0004667499105563646
2025-02-10,-0.0024010446358395414,-0.0019423966881931666,-0.002695124326434959,-0.0019085331666573117,-0.0026051314397482427,-0.0019423966881931666,-0.003407941970793743,-0.001772903174179784,-0.002369455015890878,-0.0019423966881931666,-0.003656889093650512,-0.0016281234401936632
2025-02-11,0.0017344848794452468,0.0024069612530959045,0.0025922373547907973,0.002195260734884765,0.0016784610520331107,0.0024069612530959045,0.002461103558384688,0.00203292138380826,0.0013516092761059633,0.0024069612530959045,0.002435381936948054,0.0018754749703582929
2025-02-12,-0.0009205674141787271,-0.0014266625351922037,-0.000907622636410278,-0.0015238370886992837,7.081768329249353e-05,-0.0014266625351922037,0.00021696172059881738,-0.0011697465835920674,-6.360227520611459e-05,-0.0014266625351922037,0.00022199398458773364,-0.0013243513526418032
2025-02-13,0.0011911776790346797,0.0017249708193873615,0.0019357428962800563,0.002380238396706256,0.0019024098919836819,0.0017249708193873615,0.0011281391716881956,0.0027798678470822243,0.002547596716152178,0.0017249708193873615,0.0008375048303377698,0.0029377387151593173
2025-02-14,0.003949969066050508,0.004250374971814173,0.0048293717187767446,0.0039029680616549317,0.003993907794635338,0.004250374971814173,0.005410179405158708,0.003832305249203572,0.0038569448495100957,0.004250374971814173,0.005582998146939108,0.003763805857425858
2025-02-17,-0.0018148227487664414,-0.000521453827703173,-0.002593430588714054,-0.003050165066000555,-0.0019189534944871042,-0.000521453827703173,-0.0012278623040992802,-0.0028687676584389535,-0.002153363499508688,-0.000521453827703173,-0.0010212647644890981,-0.002843279942122023
2025-02-18,-0.0017860498040611988,-0.0021170424553042123,-0.0007447950756012474,-0.0003654346636182601,-0.0018587615119920857,-0.0021170424553042123,-0.0021817324780891247,-0.00017502378568946223,-0.0009589520962504383,-0.0021170424553042123,-0.002728551749840462,0.00024003775935969125
2025-02-19,-0.0019931424076184384,-0.0027848030145470955,-0.0008650110064265891,-0.0009501224466843507,-0.0026571655501793135,-0.0027848030145470955,-0.0021583813818789677,-0.0010695643550518617,-0.002590286580266451,-0.0027848030145470955,-0.0023291164162862047,-0.00094850843528467
2025-02-20,-0.0032171835234529925,-0.004537609149602927,-0.0026359469482103172,-0.0019947576673232715,-0.005295479496381819,-0.004537609149602927,-0.004464346354886304,-0.0024748489128572065,-0.0058325150735276145,-0.004537609149602927,-0.004834368399853584,-0.0024424387476264945
2025-02-21,-0.00029852664608828543,0.002195708036037329,-0.0014179247378081463,-0.0011782654097671136,-0.0005895813692966203,0.002195708036037329,-0.0001976082201894718,-0.0009940848109810684,-0.0006561303787342823,0.002195708036037329,-8.512513300791602e-06,-0.0009211831166301659
2025-02-24,-0.0011194315918228747,-0.003622212880847091,-0.003582048079454257,-0.001386246633223043,-0.0029165305364651267,-0.003622212880847091,-0.006360454110738176,-0.0019033332132957883,-0.0036850109061100722,-0.003622212880847091,-0.007107002458500819,-0.0018495255435983053
2025-02-25,-0.0012064027177720264,-0.00030240942792029757,-0.00172709901531883,-0.001224737266031981,-0.002292982995055647,-0.00030240942792029757,-0.001687226921312522,-0.0015324189998269092,-0.0025792545693425224,-0.00030240942792029757,-0.0018926150875982388,-0.0015101195666021162
2025-02-26,-0.0009180063711837444,-0.004410491583489629,-0.0016735071400179496,-0.00014419181958775582,-0.0021524178562979854,-0.004410491583489629,-0.0035190801850656533,-0.00028166360429118147,-0.0021210177045549263,-0.004410491583489629,-0.003808163887315023,-0.0001678096823636951
2025-02-27,0.002348413912209171,0.0015201208568680648,0.0022906149584765744,0.0025622617333062635,0.0026101694446623775,0.0015201208568680648,0.002954769538472549,0.002509090700053188,0.002758989753971503,0.0015201208568680648,0.0033917507411533655,0.0023303820981499432
2025-02-28,-0.005826102408742652,-0.01024092806201996,-0.007229064836435413,-0.005585310853120097,-0.009124338711360052,-0.01024092806201996,-0.009986780857643781,-0.00661007190833909,-0.010166546423621196,-0.01024092806201996,-0.011225639767492673,-0.006499277293978885
2025-03-03,0.006546242269342936,0.008429114089237888,0.009539476250533313,0.006954960520672093,0.009853367480949154,0.008429114089237888,0.012584269210674659,0.007667394035703027,0.011065904671577483,0.008429114089237888,0.013789008825890627,0.007469304760102114
2025-03-04,-0.0032215997848201953,-0.004636284171179478,-0.005536435706570924,-0.0033320245232035845,-0.005880021592570319,-0.004636284171179478,-0.008219636675374778,-0.004240937372158936,-0.006951236507893706,-0.004636284171179478,-0.009166937993001601,-0.004192053868677728
2025-03-05,-0.0051453544527131755,-0.0026616850542398067,-0.006321298957537778,-0.005344902911822437,-0.005424627495073278,-0.0026616850542398067,-0.007285275723340363,-0.0050630570885005595,-0.005268958012683833,-0.0026616850542398067,-0.007707997390099326,-0.004773728495027749
2025-03-06,-0.0029476137457402234,-0.0008461389521210344,-0.0014815837325670514,-0.0026768565246672303,-0.0019880026169835537,-0.0008461389521210344,-0.0008603528438002658,-0.0018005912789196888,-0.0017131554653514994,-0.0008461389521210344,-0.0009412777043667425,-0.0016510404623085821
2025-03-07,-0.0062620855663022565,-0.00883954621424915,-0.008050716433104583,-0.004326261076732186,-0.010355432286982448,-0.00883954621424915,-0.012331348719556273,-0.004960055385622319,-0.010577350275287296,-0.00883954621424915,-0.013668200430403933,-0.004485390174252564
2025-03-10,-0.0005108369862096776,7.551560970176245e-05,-0.0007218178634215141,-0.001691397773451607,0.0001887451027117533,7.551560970176245e-05,0.0005710815841665777,-0.0019376507259741232,-0.0001497683769821109,7.551560970176245e-05,0.0013213776409809269,-0.00220776059948634
2025-03-11,-0.00514843434565913,-0.007472479904375828,-0.008678896309900166,-0.005963925640352317,-0.00923715010215269,-0.007472479904375828,-0.011451767974502767,-0.007047631328554492,-0.011146934492196814,-0.007472479904375828,-0.012703951655048238,-0.007038393931891431
2025-03-12,-0.006415107781253927,-0.005877915045940091,-0.0058023254000026765,-0.005066046868585395,-0.007826972800308201,-0.005877915045940091,-0.007738651323525257,-0.005002804346610328,-0.00791596184776679,-0.005877915045940091,-0.008773151846180004,-0.004695183928982675
2025-03-13,-0.0010777428820265577,-0.0014136082170545011,-0.0005853240440043319,-0.0009049609480401757,-0.002011357938690083,-0.0014136082170545011,-0.0015526373480422488,-0.0013094076111055057,-0.0025613706861771215,-0.0014136082170545011,-0.0016012982928723621,-0.0013488083727222462
2025-03-14,0.0026460563614208333,0.006182575448107355,0.0015151583522629963,0.0030378808611591836,0.004178031177617045,0.006182575448107355,0.0016494040167914377,0.003630196715085092,0.005596965191211626,0.006182575448107355,0.002001033037978548,0.0038589892675343898
2025-03-17,0.003651758017466386,0.004858646283581699,0.0044162872753856115,0.0033077958512617864,0.005394359369276811,0.004858646283581699,0.006474164258365467,0.0038736138739080272,0.005769828319224858,0.004858646283581699,0.007382208248330195,0.0036700028536937415
2025-03-18,0.0032564160827490947,0.004609910577811539,0.004661249996811215,0.0036210799629651886,0.003566492283586639,0.004609910577811539,0.005063339636654041,0.0038554846609751892,0.003667123871308123,0.004609910577811539,0.0051267869934946845,0.0039019278810583998
2025-03-19,-0.0020239961083527553,-0.0027074168130957026,-0.0018710084229628765,-0.0006808760653679838,-0.0026226423822251765,-0.0027074168130957026,-0.0035889608205574622,-0.0007240543884923161,-0.002487298967368139,-0.0027074168130957026,-0.004300801335301804,-0.0006195223806149721
2025-03-20,0.008162322621599851,0.009162227440060223,0.009191314038288795,0.00793779660272587,0.010457444328569163,0.009162227440060223,0.011065375801927476,0.008186466449316943,0.011279060155986438,0.009162227440060223,0.011720397660326507,0.00806464718101159
2025-03-21,-0.0010940265062327151,-0.0009518512448742858,-0.0020292456027342603,-0.0014674962854985486,-0.0007093183323414697,-0.0009518512448742858,-0.0013845563199309054,-0.0014487461676930345,-0.0005420369104122062,-0.0009518512448742858,-0.0010777872185976844,-0.001532456487216418
2025-03-24,0.002065905440319168,0.0010202367706170314,0.0037056986017113664,0.002720471093017989,0.002486588052633976,0.0010202367706170314,0.004197352353206168,0.002776638505133182,0.002477944018593146,0.0010202367706170314,0.004204903616916041,0.002646839751141879
2025-03-25,0.0010603825784338504,0.0009498638810750099,0.002431268990356868,0.0011909043403487223,0.0016320424385531346,0.0009498638810750099,0.0028537453024579614,0.001428673242023458,0.0018568980513799418,0.0009498638810750099,0.0028565382893543435,0.0015105739030062285
2025-03-26,0.0018084052182924895,0.002863086756970577,0.0023742360647163543,0.0013041838824477076,0.0033916911344686333,0.002863086756970577,0.004275114721877122,0.001553267815164896,0.003369328763008509,0.002863086756970577,0.004886564106851399,0.0012317145872198154
2025-03-27,-0.0037751139273598266,-0.0040311505244077055,-0.005885957775533607,-0.0038229864933037724,-0.005328291465326168,-0.0040311505244077055,-0.007693971988145616,-0.004172585111663374,-0.005992070393847963,-0.0040311505244077055,-0.008178041320901774,-0.004189367320032025
2025-03-28,0.0009786058588454355,0.00040863362770043025,0.0006880843575627591,0.0019873909971083225,0.0002479826358373977,0.00040863362770043025,-0.0007426649581257955,0.0018045815816952384,-0.00014230510442428778,0.00040863362770043025,-0.0010955259993873953,0.0016569624578985187
2025-03-31,-0.009192932017725393,-0.012950412179515898,-0.013119435434678866,-0.009193587769733235,-0.015339161707088147,-0.012950412179515898,-0.01956928000746542,-0.010817513845041935,-0.017936737264659403,-0.012950412179515898,-0.02231383052275141,-0.01054580906088354
2025-04-01,0.005851484245365717,0.009641451528696957,0.006453339178554466,0.005795691249957728,0.008765723203836196,0.009641451528696957,0.008923022611553946,0.006479925799727501,0.010081333989523348,0.009641451528696957,0.009803212181325894,0.0064012735404043175
2025-04-02,9.906883060373497e-05,-0.0010175626680919824,0.00024271900827458855,-0.0011496266519022396,-0.00039697405140492244,-0.0010175626680919824,0.0005732106815270651,-0.001344419988739028,-0.0012585519419679955,-0.0010175626680919824,0.0005570770184302443,-0.0013865723334321794
2025-04-03,-0.003962258010884607,-0.005743616434532477,-0.007714690438955374,-0.004612648968278229,-0.007815396166416928,-0.005743616434532477,-0.011413476140857364,-0.005832232922605226,-0.00904110082572804,-0.005743616434532477,-0.01245809565110972,-0.005560703717296528
2025-04-04,-0.012174156688489875,-0.017120629864808376,-0.016192941804735787,-0.011691947572975049,-0.018639797009128895,-0.017120629864808376,-0.022167910888617186,-0.013174788855900203,-0.02032942493559659,-0.017120629864808376,-0.023948005906847376,-0.012696710440161553
2025-04-07,-0.02836216952741493,-0.037143044116745495,-0.04089572196886739,-0.03242021264646201,-0.04063308322647227,-0.037143044116745495,-0.051033582693481634,-0.03712939417575526,-0.04553525150618201,-0.037143044116745495,-0.05363691152930854,-0.03670636830439272
2025-04-08,0.010555498506526687,0.012713175376508394,0.01854735533590969,0.011386200811172961,0.01838163549384466,0.012713175376508394,0.02587548261178965,0.013422957041001278,0.02061761740417291,0.012713175376508394,0.027839670989791617,0.012866439209972743
2025-04-09,-0.015085784027897235,-0.014623942614870924,-0.020298806377291635,-0.014241084766381473,-0.018142054498992883,-0.014623942614870924,-0.02565204588440969,-0.014792742819672034,-0.017976028839952595,-0.014623942614870924,-0.026872002799031538,-0.014250113331808242
2025-04-10,0.03439385949272244,0.04091838953344672,0.04907025673445235,0.03732151728795188,0.046284833493797625,0.04091838953344672,0.060816612397337294,0.04079087865070997,0.049784488172585135,0.04091838953344672,0.0635698245848279,0.039938933756278765
2025-04-11,-0.005778603203346251,-0.004460909100599914,-0.007799883046139179,-0.005191929947979686,-0.007623283248404881,-0.004460909100599914,-0.010947678224836119,-0.005572884577280257,-0.008258464951185943,-0.004460909100599914,-0.01167066018375505,-0.00546152037194078
2025-04-14,0.005058912583538542,0.008229149579081526,0.0048096920962130765,0.0032079425205735713,0.007288244058236432,0.008229149579081526,0.007009614667718867,0.003620313062883843,0.007374250669574582,0.008229149579081526,0.007623703147300163,0.003485175403154815
2025-04-15,-0.0002580105893673443,-0.0004604945244391612,-0.001573508813913516,-0.0016799733165810315,-0.001518295119420699,-0.0004604945244391612,-0.001740166502977481,-0.0018672147593377048,-0.0026534959417697525,-0.0004604945244391612,-0.0017351251611057701,-0.001937547846905712
2025-04-16,-0.00185396194134152,-0.00207779901383574,-0.003853374427354171,-0.0020296909793448086,-0.0033335803186119394,-0.00207779901383574,-0.006529630179406608,-0.002705201365034779,-0.00425808900742155,-0.00207779901383574,-0.007206967953060778,-0.0027289351791861065
2025-04-17,0.0053123065824785785,0.00728324770354029,0.005791067892872386,0.0056204592364731175,0.006742772569463377,0.00728324770354029,0.006699740353828306,0.006010873020330475,0.00734548241705868,0.00728324770354029,0.007057790169210711,0.005931196560683587
2025-04-22,-0.0056913407310598615,-0.002180168227814162,-0.010267254575894719,-0.006608157277354557,-0.00839282739755173,-0.002180168227814162,-0.01573052192635775,-0.007228178581601191,-0.01063832035941934,-0.002180168227814162,-0.01686550265404536,-0.007240088061616815
2025-04-23,0.010862168662790354,0.009540336696012786,0.015688862332246544,0.010536459856375633,0.015642685881544625,0.009540336696012786,0.023715616084022697,0.012060186941772478,0.01799804350412148,0.009540336696012786,0.025850430318233513,0.011853590714992871
2025-04-24,0.0034025928745031377,0.0041589238473956356,0.0031527880852551685,0.0033180344099843976,0.004679979214671127,0.0041589238473956356,0.004017322231825681,0.003304632713499484,0.005301387063399966,0.0041589238473956356,0.004419353069915481,0.003206436588586019
2025-04-28,0.006853577171441384,0.004921886189110829,0.010821762213161123,0.008192012499736443,0.007620779929356146,0.004921886189110829,0.012050622015918087,0.00883038573863381,0.007924160318766148,0.004921886189110829,0.012091998365654453,0.008816935042280332
2025-04-29,0.004055628797171204,0.0060951950496440635,0.004067647596387248,0.0029644626511916446,0.005882966352978683,0.0060951950496440635,0.006421287264378196,0.003110787606774088,0.006161422800919863,0.0060951950496440635,0.007197377152552797,0.0028726373674096174
2025-04-30,0.002161711106880325,0.00297681598233755,0.0014668430686438731,0.001406626675849925,0.003257312659691718,0.00297681598233755,0.0022633194129757536,0.001629600800113428,0.0037074707411633707,0.00297681598233755,0.0025334852503943175,0.0016610154419522882
2025-05-01,0.004332916778387886,0.004995673483074537,0.0047092522458209475,0.003332999315685206,0.006479607451970599,0.004995673483074537,0.00770712327923909,0.003840037421163889,0.007682693128655744,0.004995673483074537,0.010504255872801346,0.003883931901781474
2025-05-02,0.002827257833834202,0.005215059334101675,0.002690377560563878,0.002286483803413348,0.005001903649346151,0.005215059334101675,0.0035715697237216413,0.003173332490312221,0.005584852814100444,0.005215059334101675,0.004280818389425663,0.0029359624735907828
2025-05-05,-0.004016408885837044,-0.0042228435864504095,-0.003308542446458584,-0.0037282211052948578,-0.005104871132441845,-0.0042228435864504095,-0.002996066046521689,-0.0037889370129821688,-0.005337346435136929,-0.0042228435864504095,-0.003947705530931137,-0.0035256517123360602
2025-05-06,0.0008801015226248075,0.0038670577899166014,0.0023097875269542465,0.0022363258248275448,0.0020289863367381226,0.0038670577899166014,0.0018763654468371617,0.0023742149457126804,0.0028551356526773757,0.0038670577899166014,0.0005666137283809164,0.0024670169560563966
2025-05-07,0.0023754127820589006,0.003477065463869702,0.0019265697756734015,0.0018598424782610846,0.0019594515260011294,0.003477065463869702,0.001899650232900379,0.0017271061312128311,0.0012942870322609362,0.003477065463869702,0.0020220680149388467,0.0015091036130803486
2025-05-08,0.0035917807264326624,0.003753534881153182,0.003977177434195427,0.003585695409530452,0.004972729783147792,0.003753534881153182,0.005701271220334646,0.003814865024986448,0.006066317336444959,0.003753534881153182,0.006836470598533435,0.003856151216223448
2025-05-09,0.0011180081984332683,0.0019462256261409256,0.0014006887976947854,0.0011076336657763319,0.0029699434129009795,0.0019462256261409256,0.002722558313122116,0.0017296715948562891,0.004002079103831114,0.0019462256261409256,0.0037523321224545826,0.001672755584795876
2025-05-12,0.0007873515521836751,0.0010324819225119603,0.0022400858928421008,0.0009115945559623477,0.002302905690007273,0.0010324819225119603,0.00433842604723559,0.0017462634999122896,0.0028599387315620256,0.0010324819225119603,0.005648237548725186,0.0015362491332442335
2025-05-13,0.0033305145530155484,0.0017581355380060304,0.005920214134728165,0.004778548625918476,0.005409714263959785,0.0017581355380060304,0.007909785594843753,0.005580192807634959,0.00655909371522859,0.0017581355380060304,0.007886688199965249,0.005357144140015985
2025-05-14,0.0006343539703804654,0.0012834376347345617,0.0009913307528379108,0.0006193908308680416,0.0010422524528280084,0.0012834376347345617,0.001966683813916448,0.0011526149951117256,0.0014043548826226824,0.0012834376347345617,0.0018117602336176597,0.0012308852781098192
2025-05-15,-0.002349520918717773,-0.005220610383888263,-0.0031971008465455615,-0.003177886413417159,-0.0018601252861080515,-0.005220610383888263,-0.002367810350691854,-0.003093712000898526,-0.001770650685125014,-0.005220610383888263,-0.0007620597819428376,-0.0032756264717610324
2025-05-16,0.007018377304194485,0.009115908096586531,0.008465257257229873,0.007910809862605435,0.007815369906105329,0.009115908096586531,0.008225577432102244,0.007932165288437024,0.008119312207096142,0.009115908096586531,0.007610827986743159,0.007909527886353985
2025-05-19,-0.0019973912623538863,-0.0028664964639185894,-0.0005744017572481524,-0.0006309315351363254,-0.002057283875764591,-0.0028664964639185894,-0.0013031541519540567,-0.0004266931103691526,-0.0018073413654490886,-0.0028664964639185894,-0.0020520880388157914,-0.0002798526145495336
2025-05-20,0.004971328043043738,0.004786943895712811,0.004339797070805287,0.0038216784936469204,0.005000240924242033,0.004786943895712811,0.004960316244344915,0.0036148355176754635,0.00456157331415185,0.004786943895712811,0.006192404368885194,0.0034886916622891367
2025-05-21,0.0009392657264548772,0.004330101508527247,0.001474179552632318,0.001451406370492502,0.0019461419930321634,0.004330101508527247,0.0010189222895900009,0.0018193894368750054,0.002156389064602609,0.004330101508527247,-0.00025865067721634504,0.001726636783842524
2025-05-22,-0.004317664236041302,-0.004922072087297655,-0.005129842642968775,-0.004299956456796991,-0.005482474140137375,-0.004922072087297655,-0.006428968729623532,-0.004730792576148289,-0.005967523120102426,-0.004922072087297655,-0.007444666807666075,-0.0046250543271544675
2025-05-23,0.00022713444326746013,0.0014948868962931332,-0.0007860321665001549,-0.0006195004071479309,0.0006496279560764195,0.0014948868962931332,-0.0006231832045111885,-0.0007490395577143171,0.0007767957780278904,0.0014948868962931332,0.0003534725248187418,-0.000783199906785391
2025-05-26,2.735934464508303e-05,-0.00047406607761112644,-0.0008176453859504708,-0.0012287288340161087,-0.0011501733037086676,-0.00047406607761112644,-0.0007422882163872524,-0.0015179555884294207,-0.002196361300298761,-0.00047406607761112644,-0.0015510200539059322,-0.0014375412096987144
2025-05-27,0.004033820676855695,0.002702501444634468,0.003690908144765222,0.004072677146398699,0.004156175764407254,0.002702501444634468,0.003538740668295043,0.0039412368515018064,0.004312183741773433,0.002702501444634468,0.0039672908237040104,0.0038802166448178364
2025-05-28,0.002178101694419638,0.0020118337466005546,0.0041786059978102955,0.003168150301118975,0.0033767658710723036,0.0020118337466005546,0.005475645160347136,0.003342440343387026,0.004180070745718704,0.0020118337466005546,0.006291228346978049,0.003285273477899122
2025-05-29,0.0026391970694142025,0.002084403883749313,0.004647239235576025,0.0036617083957571307,0.0041670887464063605,0.002084403883749313,0.006683128731536161,0.004511483860684573,0.005214698378342535,0.002084403883749313,0.007049241355628101,0.004438879467717354
2025-05-30,-0.00111276167728951,-0.0012403188448118004,-0.004148856632510497,-0.0028181879845446695,-0.0028047340128761525,-0.0012403188448118004,-0.006136420588945227,-0.003869858490825034,-0.0040590431536051096,-0.0012403188448118004,-0.006306011097437942,-0.0038865542816117556
2025-06-02,-0.002196800775628972,-0.0035697854462164343,-0.002947647311387772,-0.0027231156739680987,-0.004020142186135017,-0.0035697854462164343,-0.004585267294579914,-0.0036576509349573122,-0.005514221046901796,-0.0035697854462164343,-0.005720351243885505,-0.003772242434363775
2025-06-03,0.004592690304119188,0.006755604919087438,0.005601425065683302,0.005062328678184487,0.006260234914283066,0.006755604919087438,0.0061033556503913315,0.005708112425875682,0.0070658511302019635,0.006755604919087438,0.006535968604436903,0.005696535356654343
2025-06-04,0.003864221771529012,0.005443719305648327,0.004307069571897719,0.00356509647956376,0.006234884861367829,0.005443719305648327,0.006374411282888866,0.00454014837158796,0.0073369600669946885,0.005443719305648327,0.007293402771704335,0.004468243281755159
2025-06-05,4.715955158853547e-05,0.0004089573024157438,-0.0010613843648092681,-0.0007265369132509267,-0.0007700466489159525,0.0004089573024157438,-0.0013390624117618254,-0.0010509263537686797,-0.001213309213966249,0.0004089573024157438,-0.0015249370044872798,-0.0010129392330294736
2025-06-06,-0.0009127082690854048,-0.0007359543077788479,-7.75973066906134e-05,-0.000220937696907056,-0.0011444140254884946,-0.0007359543077788479,-0.000464759426018617,-6.013059202060373e-05,-0.0012893064642180967,-0.0007359543077788479,-0.0004932705646328871,-0.00010247546308894734
2025-06-10,0.0022075224435369038,0.002671901950670864,0.0016701790105490956,0.0009352396432831055,0.004030711136253701,0.002671901950670864,0.0035782006596424575,0.0015039138410478314,0.004578933847725047,0.002671901950670864,0.005041893904844936,0.0013838208877766135
2025-06-11,0.0015976667955038548,0.004358279761550761,0.001856157989155102,0.0017537468355417292,0.0023793053603109533,0.004358279761550761,0.0018860205577181438,0.002354371833030231,0.00289037398401791,0.004358279761550761,0.0026358604654592205,0.002449938019587612
2025-06-12,0.00048620336365213184,-0.00047110599412607826,0.0008381672983803724,0.0016843911609855063,-0.0004888496767276439,-0.00047110599412607826,-0.0005403696195545204,0.001432630253061172,-0.00041109765473069595,-0.00047110599412607826,-0.0019608551895679586,0.0016610555935384645
2025-06-13,0.0002296117508476083,-0.0003638141626452649,-0.00012280919235102683,0.0005380082746080414,-0.0017453958827535955,-0.0003638141626452649,-0.002100547840652419,-0.0005272321604618159,-0.0029761152918619275,-0.0003638141626452649,-0.0030606492053377133,-0.0007037149518764012
2025-06-16,-0.0009100020477475314,-3.5920357215261265e-05,0.000996088817767735,-9.782503584178278e-05,0.0005187944453999715,-3.5920357215261265e-05,0.0020794484222873854,0.0005841505058604913,0.0009128545286862456,-3.5920357215261265e-05,0.0026483085081061295,0.00032221615351278577
2025-06-17,-0.0009131188586509568,-0.0010362489525285361,-0.0017074823498094555,-0.0018606422280121454,-0.0011409348134077866,-0.0010362489525285361,-0.0008079885333861826,-0.0018796132813456799,-0.001255508451169312,-0.0010362489525285361,-0.000420996577355852,-0.0018131082505835866
2025-06-18,-0.0005569625256753531,-0.0013867991727491392,-0.0007057058837260317,-0.00032309570270546106,-0.0009025255444911385,-0.0013867991727491392,-0.001180022858721417,-0.0004213596096672092,-0.0008898774567439327,-0.0013867991727491392,-0.0014193829593432542,-0.00035138853325428004
2025-06-19,-0.00024684095582439735,-0.002098652404580768,-0.0013056708695280408,-0.0007659370573403734,-0.001249819837682016,-0.002098652404580768,-0.00250173944091486,-0.0013184893893763124,-0.0018428200818312453,-0.002098652404580768,-0.0021067608090118016,-0.0012847701323913771
2025-06-20,-0.0006460875532736471,-0.0009393876998331037,-0.0007342289521083696,-0.000797515602365861,-0.001020179868974614,-0.0009393876998331037,-0.00040338353240852807,-0.0008612400207592489,-0.001070109470232806,-0.0009393876998331037,-0.0005975736036881048,-0.0007574348389220212
2025-06-23,4.674298926701545e-05,-0.0005932044518266801,0.0009201905790689415,0.0015493185133448443,-1.4163031889489884e-06,-0.0005932044518266801,-0.0003580665692167424,0.001707312937191798,0.0005751725454974662,-0.0005932044518266801,-0.0006238671559724752,0.00193106924820721
2025-06-24,0.005887108145677574,0.0057534921943147,0.006087204111216974,0.004690102813747796,0.007159865895635009,0.0057534921943147,0.008718353817769581,0.005197342014733755,0.0073270419432488,0.0057534921943147,0.009574076861123723,0.0050524476026195106
2025-06-25,0.001873735847019413,0.002269622067100547,0.002420864470206937,0.0027276290168158765,0.002015736919632159,0.002269622067100547,0.002199028939862642,0.00326560933534236,0.0025552596398297498,0.002269622067100547,0.0021435119891529283,0.003437636268303559
2025-06-26,-0.0006056233493229041,-0.0012101261346712598,-0.0008439857681306751,-0.0007819592624977631,-0.0011205467730874654,-0.0012101261346712598,-0.0007702911893640248,-0.0009874061680997853,-0.0014245414907931696,-0.0012101261346712598,-0.0012546271390080567,-0.001016485711835648
2025-06-27,0.00031465023202399163,0.00010920067691955025,0.0013956606337764406,0.0007683319453793554,0.0007310155479336354,0.00010920067691955025,0.003171979700183497,0.0011182231543945093,0.0012014926137505584,0.00010920067691955025,0.003753952554685808,0.00103103288468646
2025-06-30,0.0030246587091988385,0.00400898263058582,0.003803337320453166,0.0024471172086078736,0.004276909937241483,0.00400898263058582,0.005157605409258498,0.0024509145423360764,0.004327935011470081,0.00400898263058582,0.006633766404331782,0.002227449169693664
2025-07-01,0.0007556753998282563,0.0006567076369003665,0.0013106969023966254,0.0018750217998664911,-0.00047176597983176745,0.0006567076369003665,0.00013777274072316814,0.0018615194477182204,-0.0010386699326042736,0.0006567076369003665,-0.0013586984068423237,0.0017514013806679447
2025-07-02,0.0016935716469256338,0.003196609096072293,0.0011010474924159814,0.00026014855456925817,0.003376114004259022,0.003196609096072293,0.0020691555417495402,0.0002542266856091069,0.0036489009676462436,0.003196609096072293,0.003366071562526014,0.000165094444140103
2025-07-03,0.0006141357558807336,0.0010583273416204181,0.0018726468081211758,0.0016686946900316467,0.0010991271383896373,0.0010583273416204181,0.0021335734867735548,0.002003693176845709,0.00154075472973127,0.0010583273416204181,0.0014198725431223095,0.0020089220101312372
2025-07-04,0.0010379285600814485,0.0016844251886080385,0.0007873017212022259,0.0005466592990315232,0.0017512492640999174,0.0016844251886080385,0.001720289846882011,0.0007720879644215155,0.002274726756970447,0.0016844251886080385,0.0027040498075730324,0.0008777812514986246
2025-07-07,0.0003289174236625051,-0.0006130577371174315,0.0008654163209525031,0.0013888713867148137,0.0007314227217877096,-0.0006130577371174315,0.0006951108026515995,0.0015925167159511614,0.001595247968655637,-0.0006130577371174315,0.0008539832565803444,0.0017457350234085214
2025-07-08,-0.003276725337316714,-0.0028078033632426194,-0.003213708631707067,-0.0035065027141319557,-0.0028921442603098966,-0.0028078033632426194,-0.002921979846344085,-0.0034032585755556506,-0.0029480561325933834,-0.0028078033632426194,-0.003564033930138607,-0.0034588051282391343
2025-07-09,-0.00275659564736081,-0.0029758426139341954,-0.00247328442914056,-0.0022769580023440385,-0.0030350587130168172,-0.0029758426139341954,-0.0021054344469898264,-0.0020383093428403437,-0.002836473319396866,-0.0029758426139341954,-0.0016812415593759264,-0.0020470890873203096
2025-07-10,0.0037477332884197573,0.003735419771519772,0.00424952018664134,0.003663640064460611,0.0039254791667883565,0.003735419771519772,0.004455390185763491,0.003506576167237468,0.0034686118117585076,0.003735419771519772,0.004318816698316337,0.0032366139647305846
2025-07-11,-0.0011812810042448126,-0.0013575506845615363,-0.000429476283861611,-0.0007390880924044772,-0.0016682838384641167,-0.0013575506845615363,-0.0006239133985405522,-0.0007591369747135219,-0.0022450025237844887,-0.0013575506845615363,-0.0013423636929309364,-0.0009577889747522443
2025-07-14,-0.0023709450819067333,-0.0015847984243952619,-0.002953651757541547,-0.00249196925624331,-0.0024702182324968284,-0.0015847984243952619,-0.0035366094582983884,-0.002687981354942045,-0.0025626261369539674,-0.0015847984243952619,-0.0037852129420300825,-0.0027160700277139667
2025-07-15,0.005082330355207476,0.005848069248935916,0.0062200709935030215,0.005335071795271478,0.007321643723828412,0.005848069248935916,0.00808300585450927,0.006103458000561088,0.008579988064462654,0.005848069248935916,0.008428066528126206,0.0061587598345135865
2025-07-16,-0.004178730350066827,-0.004256417559233823,-0.005399933993722802,-0.004367971672585657,-0.005357989521882054,-0.004256417559233823,-0.006263444504366247,-0.00474430941376531,-0.005306962669810615,-0.004256417559233823,-0.006130776608075332,-0.004443558324935329
2025-07-17,0.006183303583211097,0.007286539010230381,0.006577053661030419,0.006167847382133578,0.00844061357369052,0.007286539010230381,0.007624308161350368,0.0069278271604485235,0.009586474643387412,0.007286539010230381,0.008706160876115481,0.006960222751476629
2025-07-18,0.005183361899912078,0.006154750659416506,0.004509033308987999,0.0039786277635716644,0.006979350071009321,0.006154750659416506,0.006142582015545841,0.004355629173192663,0.0073465635139069885,0.006154750659416506,0.006994105079750456,0.004088115702792054
2025-07-21,-0.002982459971125645,-0.003106293185603809,-0.002044968504952574,-0.0017370869404574882,-0.004436392329956618,-0.003106293185603809,-0.0032930551298566983,-0.001996427262349063,-0.004690816698043694,-0.003106293185603809,-0.0046106169868713465,-0.0017515890257125222
2025-07-22,0.001805482682445515,0.0024156450157242068,0.0011734648872202482,0.0015101557902760618,0.0016999858376643767,0.0024156450157242068,0.0011099958670099665,0.0012909446957240019,0.0018307447165218916,0.0024156450157242068,0.0012105351145398455,0.0013556336365592057
2025-07-23,0.0027125052431556077,0.004406600053744309,0.0034945213423572866,0.002634644368900455,0.0035232037786004835,0.004406600053744309,0.004062757937220531,0.002962144902592628,0.0031645234546911045,0.004406600053744309,0.0041327498327036645,0.002588516306194999
2025-07-24,-0.0017695553949259799,-0.002952576855765095,-0.0010917047233235757,-0.0018434156395812837,-0.0017053391137100136,-0.002952576855765095,0.0003748955265910308,-0.0016017599897979627,-0.0016397075305960942,-0.002952576855765095,0.0007771404417306837,-0.0016400987241002628
2025-07-25,-0.000842292827850294,-0.0024713662935095066,1.662813920660421e-05,-5.56637151456253e-05,-0.0011978012757808407,-0.0024713662935095066,1.1230528597670532e-05,-0.00031924323356135014,-0.001102580953406248,-0.0024713662935095066,-0.00015236454851681052,-0.0002840246770181214
2025-07-28,0.003254364315969131,0.0029970602156064127,0.004108548580301761,0.003366189828824201,0.0043296514159888765,0.0029970602156064127,0.00495540985062962,0.0037399101179503365,0.004749840769770133,0.0029970602156064127,0.005571592152707609,0.0037158895620942227
2025-07-29,-0.001042089092361674,-0.002689640353866711,-0.0018226054126652081,-0.0013271535579897644,-0.0017267327453995098,-0.002689640353866711,-0.002462864299402115,-0.0016549988039195578,-0.0021268306478145578,-0.002689640353866711,-0.00247377753750388,-0.0016916723332946791
2025-07-30,0.0029841128061091084,0.004138643362923295,0.0016645764799856752,0.0021426557837648254,0.0033074770710461933,0.004138643362923295,0.0012969742697883104,0.0020973476159232025,0.0033120765750220215,0.004138643362923295,0.0019500990757642177,0.002065401642922843
2025-07-31,0.000993979650287443,-0.0005600489158961072,0.0024082678144598216,0.0015995683612251312,0.0014919151464364792,-0.0005600489158961072,0.003189444945688422,0.0015044554773345025,0.0018051025736918688,-0.0005600489158961072,0.00362963355485035,0.0014796394896730341
2025-08-01,-0.005549812747390894,-0.005370843542218007,-0.006546116193102778,-0.005140158845107846,-0.007118567546693072,-0.005370843542218007,-0.008290354179001933,-0.005506223731368246,-0.007355298653100241,-0.005370843542218007,-0.008854332973947169,-0.005326623966856328
2025-08-04,-0.0010610069001440723,-2.3191000349276887e-05,-0.003656313023380676,-0.0021540095638985747,-0.0031315289388602354,-2.3191000349276887e-05,-0.00617559379900508,-0.0027556819962901323,-0.004217424808451929,-2.3191000349276887e-05,-0.007487565912858565,-0.0025101971441115383
2025-08-05,0.008126108331800446,0.00959887632216885,0.00928933824481275,0.00821901238249814,0.010943608352888717,0.00959887632216885,0.011312223061628103,0.008886802498182755,0.012186469739021532,0.00959887632216885,0.012536188811546785,0.008674611793467464
2025-08-06,0.00035903854294442634,0.002346193612441989,-0.001086619725549628,-0.0014455361535048938,0.001685134412933731,0.002346193612441989,-0.00022548387532633736,-0.0013585065569742367,0.0016734228156957407,0.002346193612441989,0.0008553880257841152,-0.0015637060022243307
2025-08-07,0.0010241665750590388,0.00183826702327337,0.001421781449242961,0.0011420593544309698,0.0013225705047943148,0.00183826702327337,0.002315866270038641,0.0014491546669633064,0.0017610356621899994,0.00183826702327337,0.002407084077951102,0.0015830158043074534
2025-08-08,-0.00014382656183817492,0.00016506902731105343,0.0004257095404259943,7.635536756700848e-05,-0.0004348681953140211,0.00016506902731105343,0.0006112464310967762,-0.00021406562428021185,-0.0006800636261959444,0.00016506902731105343,0.0006310314206066395,-0.0003135788567443269
2025-08-11,0.0022183088755056576,0.0015646710434942517,0.0030393543456782796,0.002447625194613866,0.0031837086827173873,0.0015646710434942517,0.004080441224794496,0.002772473479740345,0.0035106006036674884,0.0015646710434942517,0.004493926441290994,0.002604048443115058
2025-08-12,0.0012698318550429261,0.001899259473182275,0.0006063589982371891,0.0008334170861126082,0.0020331723493698813,0.001899259473182275,0.0007608556084111738,0.0011995956618430414,0.00232255059200499,0.001899259473182275,0.0014784556275753685,0.0011747036424693891
2025-08-13,0.0009341760693030297,0.0011381612523445387,0.0023206756444154324,0.0018540757262402213,0.0008122509682045658,0.0011381612523445387,0.003355590585454625,0.0022332437065868123,0.0013837507432943568,0.0011381612523445387,0.003157373524399978,0.0024721154483438304
2025-08-14,0.0017123258770414128,0.002131513323519655,0.0008977391394327253,0.000709655640706134,0.0022086533091238165,0.002131513323519655,0.001158483793753208,0.0005600214685751781,0.0020570368721499685,0.002131513323519655,0.0016178193852614826,0.00044788828761632514
2025-08-15,0.004221909710506958,0.004787298836418735,0.005645229655423438,0.004969643743565571,0.006354070237657668,0.004787298836418735,0.007218261413975287,0.005684163275834839,0.007370579828408597,0.004787298836418735,0.00819711387545235,0.005415954285796439
2025-08-18,-0.0008290264939349268,0.0006739736606426668,-0.0015538060866818928,-0.0014319475627915575,-0.0002850876158139613,0.0006739736606426668,-0.0015222033094105813,-0.001188626497544198,-0.00015094449161060194,0.0006739736606426668,-0.0012728782513171828,-0.0011499444156742897
2025-08-19,-0.0017986170719402456,-0.001357970916416551,-0.0006386623176120249,-0.0006334724171686701,-0.001684163632806887,-0.001357970916416551,-0.0005517354891322891,-0.0005890694785958656,-0.0013125195669985862,-0.001357970916416551,-0.00015472923689566122,-0.0006913368982743079
2025-08-20,0.001108509901243594,0.0016340760116012466,0.0010967961526171025,0.0011295514447793964,0.0014521148269490598,0.0016340760116012466,0.0004945880232378989,0.0012472138256938927,0.0011383498437710596,0.0016340760116012466,0.001502554297940916,0.0009848195620288387
2025-08-21,0.004305675715925569,0.0055822711692734865,0.003745894162504535,0.003939916133518016,0.0058698938647756835,0.0055822711692734865,0.0043120802439405815,0.004378936379657421,0.006567985561152919,0.0055822711692734865,0.004612883409760258,0.004272095067066368
2025-08-22,-0.0033331676224270983,-0.003755971540370059,-0.0027529933625988993,-0.0022579328095643824,-0.003955311097477267,-0.003755971540370059,-0.0034024139545361124,-0.00203518529640825,-0.004003453530019196,-0.003755971540370059,-0.003834539196761518,-0.002083746507747539
2025-08-25,0.0038604306390100595,0.005855704147482068,0.004262052770409542,0.0033117901589287337,0.004469757581268115,0.005855704147482068,0.006273379742942827,0.0034049592533289667,0.004999403213230387,0.005855704147482068,0.006442669903748442,0.003557221673935693
2025-08-26,-0.0022392545809367197,-0.002744940787850428,-0.002267896418685767,-0.0018264099629012435,-0.003082509509831629,-0.002744940787850428,-0.0034690600055901602,-0.0020187407545502315,-0.003447169858922769,-0.002744940787850428,-0.00422160503843523,-0.0019463929948949053
2025-08-27,0.0014916947702586243,0.00207108079375535,0.0021528127404909295,0.0014690718145825424,0.0023224539379264352,0.00207108079375535,0.0032955882752768394,0.0015335569611676573,0.0023485973649724364,0.00207108079375535,0.003928478646598699,0.001183110080412381
2025-08-28,0.0011661108258257404,1.4016721914808319e-05,0.0012785109335907952,0.0008035417599851756,0.00018009807409093687,1.4016721914808319e-05,0.00035057859064909944,0.000292110003194204,-0.0012363123909989143,1.4016721914808319e-05,0.00014328012910376029,-6.664385723275336e-06
2025-08-29,-0.00018749823838747081,0.0003231343400901446,0.00030991418914520525,6.649572781061891e-05,-0.0001556592917667691,0.0003231343400901446,0.0010687237705170592,4.794474148547083e-05,-2.395971688438898e-05,0.0003231343400901446,0.0007537373760701301,-1.814477653269259e-05
2025-09-01,-0.0020002056569090832,7.741172679217609e-05,-0.0018118694257938481,-0.001232419148345058,-0.0025507907779456942,7.741172679217609e-05,-0.0032826482602057038,-0.0013965929800572863,-0.0026055513856298165,7.741172679217609e-05,-0.004284055605384526,-0.0012922194953268443
2025-09-02,-0.0006259587046082241,-0.0015179790502404392,-0.000163639730403427,0.00021116498067251844,-0.0008073798352863343,-0.0015179790502404392,-0.0007078542070215912,0.0005181523248927693,-0.0005041986712042728,-0.0015179790502404392,-0.001789823566192173,0.0006972386633575391
2025-09-03,-0.006732504758987578,-0.008330435862148114,-0.005083006740580138,-0.004165425341166652,-0.009113462100140872,-0.008330435862148114,-0.007044279142790971,-0.004653141492988867,-0.009186081396226047,-0.008330435862148114,-0.009559326745916535,-0.00428069103384184
2025-09-04,0.005428118826683428,0.005399075572329486,0.005277506164465082,0.004469504229610715,0.006446633311285776,0.005399075572329486,0.0060274784360189095,0.004510263504479511,0.005949106313177723,0.005399075572329486,0.006980495929345663,0.004095735430361161
2025-09-05,0.004997494067746312,0.006941476056024176,0.0056444177807892905,0.004799344421733239,0.006622255043153668,0.006941476056024176,0.007296130764644471,0.005087011869946899,0.007476107030922152,0.006941476056024176,0.008101876605983325,0.00505699094818631
2025-09-08,-0.0004143696933848476,-0.00012637121931776164,-0.0013448434962225722,-0.0007159840786753509,-0.0018227481667335403,-0.00012637121931776164,-0.0026610076586422856,-0.001055633130265872,-0.0023307419142581743,-0.00012637121931776164,-0.0034975848663149956,-0.0007886318979882606
2025-09-09,-0.00026652981058000085,0.00021878013545595173,7.81022348777765e-06,0.00032369645946174095,-0.00136252239925168,0.00021878013545595173,-0.000533701606040093,0.0001527899696899298,-0.0014174587921276626,0.00021878013545595173,-0.001826449434937018,0.00038013624338692096
2025-09-10,0.0018489523354320763,0.0022993130160584054,0.0024079555639766013,0.0020911892851478886,0.0025576064401629764,0.0022993130160584054,0.0026639057418975797,0.0026511724610821033,0.0028210520554066876,0.0022993130160584054,0.002678371405572129,0.002653468972432468
2025-09-11,0.00012717394406560966,0.0007689255652707183,-0.00023490621750552718,-0.00028954866125590603,5.964531507456185e-05,0.0007689255652707183,4.00352739174418e-05,-0.0003075909329361899,0.00018037872285158845,0.0007689255652707183,0.0006493263779024501,-0.00016752454314214254
2025-09-12,0.0030146381978936447,0.0043998703084412675,0.003318071326590851,0.0022367212476766354,0.004086472525946143,0.0043998703084412675,0.004416178460687044,0.0023817759767245294,0.0038389162684935607,0.0043998703084412675,0.0050480636242450725,0.0020908269894114855
2025-09-15,-0.0006841478323130542,0.00011779984419678191,-0.0006108700400267209,-0.0007118559624882667,-0.0003648850364554196,0.00011779984419678191,-8.777292070053246e-05,-0.0005519524326732874,-8.826036344936102e-05,0.00011779984419678191,0.00039001208815967934,-0.0005507761160809071
2025-09-16,0.003421749364054958,0.003953088886871066,0.0041859695377915,0.004184201294023965,0.004045198739841592,0.003953088886871066,0.0042594937897047725,0.004449967922272382,0.004587735727091853,0.003953088886871066,0.0036699619600040253,0.004480910771014653
2025-09-17,-0.002922762506934206,-0.003359694896929765,-0.003297775104876465,-0.0022778179672627834,-0.004400443771739952,-0.003359694896929765,-0.004373893481362817,-0.002284504794661411,-0.004381213357805858,-0.003359694896929765,-0.005221723096954566,-0.0019768875429908013
2025-09-18,0.0004278189955135115,-0.0006342964733868878,0.0007598524185350896,0.0009908957795346804,0.000518988282859978,-0.0006342964733868878,0.001576014739447801,0.0010083923999817338,0.001739988176721646,-0.0006342964733868878,0.0017610015538049638,0.0015023036076156923
2025-09-19,0.001215098465960246,0.0015936270068861657,0.0020237296929047446,0.0015814509670180126,0.002436626833504819,0.0015936270068861657,0.0027642565537647976,0.0017978646131421717,0.0030622108906966515,0.0015936270068861657,0.002846841150339268,0.001753579500969128
2025-09-22,0.0017123900005477275,0.002464302639030005,0.0024250272869914464,0.0020809856239023487,0.002759454701321148,0.002464302639030005,0.0026728303529645406,0.002210327542753902,0.00311020650738074,0.002464302639030005,0.0022759700855550045,0.002082069235970493
2025-09-23,0.0036268360704490195,0.004003894293255906,0.005041287544700891,0.004833478629868392,0.004411127331938425,0.004003894293255906,0.005154462341895689,0.005101589143043073,0.004928323240920231,0.004003894293255906,0.004218689446075461,0.005045701912789088
2025-09-24,-0.004121010000923432,-0.003261727941796879,-0.004126361152942692,-0.003926363465790179,-0.0055687793673980185,-0.003261727941796879,-0.004912106630256922,-0.004201486744229003,-0.006038130440448477,-0.003261727941796879,-0.005567144735503404,-0.004013294550687051
2025-09-25,-0.00041119868939762296,-0.0004929750349789919,-0.0004607916753997577,-4.960503605495941e-05,0.0001653062975206216,-0.0004929750349789919,-0.00043419963247062526,0.0004178790090580346,0.0006389562074289529,-0.0004929750349789919,2.720025779062453e-05,0.00036070330276224624
2025-09-26,-0.0008952985059313238,-0.001752632485872626,-0.000559184168763577,-0.0004969815257221037,-0.0005726520843331185,-0.001752632485872626,-0.001137743252713645,-0.0007523223172058164,-0.0006965241687597651,-0.001752632485872626,-0.0013038098514382285,-0.0009565292363694786
2025-09-29,0.00487629023514868,0.0054817758024464725,0.005620409348765318,0.005239408830957059,0.005678858820829307,0.0054817758024464725,0.0054029687770117,0.0055452841340817086,0.005688423163342351,0.0054817758024464725,0.00446869967619956,0.005450338359831195
2025-09-30,0.00020144141052904095,0.0016520660703873151,0.0005289141789247973,0.0004684134045245945,-0.00034175261981096386,0.0016520660703873151,0.00012963658660089658,0.00023432511660121319,-0.0006510424451104251,0.0016520660703873151,-0.0007380525721142233,0.00022820034394678071
2025-10-01,-0.00044333817972087023,0.00017382353374019162,-0.0008517304646416906,-0.0007955813392727483,-0.00014703322286893639,0.00017382353374019162,-0.0003739916620105236,-0.0007239514220917848,0.0001434032768949845,0.00017382353374019162,0.00011658902927080268,-0.0006694839398902189
2025-10-02,0.005857384704370571,0.00770391162560159,0.005953071523838914,0.005211702391387434,0.008150795327618868,0.00770391162560159,0.007493847018201192,0.005866099162650587,0.008947476537751109,0.00770391162560159,0.008610302505018614,0.0057040272730363275
2025-10-03,0.0023723209349067365,0.002537571596115613,0.0025192030594877943,0.0019734899312409478,0.0036686326663652727,0.002537571596115613,0.003949906516780149,0.0020384034158651854,0.004232971568880999,0.002537571596115613,0.004716306961948716,0.0019334562789260817
2025-10-06,0.0006637824770678879,0.00241615409449992,0.0023973940462434693,0.002076071035288838,0.0011168887942639442,0.00241615409449992,0.0021085190377436057,0.0022990754720552536,0.0014151205273227755,0.00241615409449992,0.0009974786207236908,0.0022594012528584376
2025-10-07,-6.4071991383851225e-06,-6.025405794733596e-06,0.0005317164601613025,0.0007889585612983294,-0.0006872395065491986,-6.025405794733596e-06,-0.0002687735488423692,0.0008638700963015402,-0.0008016645375301627,-6.025405794733596e-06,-0.0011046525171052588,0.0009728979912157198
2025-10-08,0.0005734575847279944,0.0005877078001867679,0.0014453286449608437,0.0017843482616679567,0.00044140237109737584,0.0005877078001867679,0.0008004323759296519,0.0016288662641047564,0.0007458799794015116,0.0005877078001867679,-0.0003269324423105595,0.0016793043022953662
2025-10-09,0.0016132367440475498,0.002783232609001667,0.0015274795877116636,0.0011067168123290458,0.0019415373531407006,0.002783232609001667,0.0025973916822077062,0.0012176218213258091,0.0019144173694406596,0.002783232609001667,0.0029297147651995642,0.001093114070242591
2025-10-10,-0.0016604051771546093,-0.004019978929689066,-0.0020416734119462353,-0.001815656858279272,-0.0020026574761565705,-0.004019978929689066,-0.0025341393954244795,-0.001967326674302416,-0.0022152771295420965,-0.004019978929689066,-0.0020688712337819225,-0.001951326429465132
2025-10-13,-0.002598801701650412,-0.0034197430111908354,-0.0028858150431479413,-0.001485288733135036,-0.005384324907524364,-0.0034197430111908354,-0.006790942051148393,-0.0026381396699644098,-0.00665052402833949,-0.0034197430111908354,-0.008881287416891419,-0.002486041401980336
2025-10-14,0.003937358013691551,0.0053942909938591655,0.004990761684738693,0.005792409958963324,0.004202674439879717,0.0053942909938591655,0.003673718040460368,0.005920358371185588,0.005114836877494988,0.0053942909938591655,0.0018000108311303428,0.00618795379509313
2025-10-15,0.0037457460541489612,0.004353682863759029,0.003992191616762084,0.0032125125298873842,0.005114861091810786,0.004353682863759029,0.005107140246858682,0.003618338596695716,0.0051239743201386394,0.004353682863759029,0.005542006037415623,0.0032928960806416652
2025-10-16,0.005469395170214801,0.008567913224966132,0.004844322495602041,0.004911398669486961,0.007225647127049839,0.008567913224966132,0.004859602040774485,0.005452070488877426,0.008041706471258264,0.008567913224966132,0.005705006458323716,0.005570666309757359
2025-10-17,-0.001042944647937372,-0.0008445568835850425,-0.0002296333528591106,0.0010411971409591872,-0.0034748231153358187,-0.0008445568835850425,-0.004121606163303929,0.00033314773397784275,-0.00426424956431137,-0.0008445568835850425,-0.007068052773917535,0.0005926162120527424
2025-10-20,0.0009052177285754248,0.00017853186992525035,0.0016898555581097842,1.82517900966063e-05,0.0024917649597922904,0.00017853186992525035,0.0046461171016595705,0.0006057093905295631,0.002725946780892546,0.00017853186992525035,0.0070128782945947845,0.0003098125223666282
2025-10-21,0.005688551008001087,0.0072644160710561585,0.006850766737979181,0.00656560012618123,0.00689975375792232,0.0072644160710561585,0.007183266195779817,0.007084349331246227,0.0075653845846034296,0.0072644160710561585,0.006598869424811982,0.0070431931997110234
2025-10-22,-0.0040995400285499806,-0.008487686322352408,-0.00497912672676608,-0.005016779437301582,-0.005676227209210103,-0.008487686322352408,-0.0038949208646780692,-0.00527219543517845,-0.006390226031786456,-0.008487686322352408,-0.002135189965453385,-0.005345869378115682
2025-10-23,-0.0012563725260532834,-0.000897292838982719,-0.0028553626484450322,-0.0026604168566685188,-0.0010990214128818053,-0.000897292838982719,-0.002535480908910864,-0.0028845708510891826,-0.001302554914540667,-0.000897292838982719,-0.0012085933735507613,-0.002980534696988612
2025-10-27,0.0039013628344396712,0.0060424096801756835,0.006216493835915349,0.004436478473073893,0.0065932699054559,0.0060424096801756835,0.0097560536797107,0.005665237543722559,0.008205387284787707,0.0060424096801756835,0.011012407377551601,0.005671047538784576
2025-10-28,-0.002247751043523093,-0.005186197831255683,-0.0017721592003206261,-0.002278923921431796,-0.003802175993026678,-0.005186197831255683,-0.0013972629894660122,-0.0026641483362400387,-0.005108671921745777,-0.005186197831255683,-0.0004275577960464537,-0.003080622815925298
2025-10-29,-0.003028182475047094,-0.003785569248767313,-0.002421617221411385,-0.002424762240921781,-0.003947756174896758,-0.003785569248767313,-0.0019023492664490954,-0.0024605425059314916,-0.0038070648345132577,-0.003785569248767313,-0.0025617721693704633,-0.0022836733453574123
2025-10-30,-0.0031003231163356138,-0.0037938989455601627,-0.002053826868820615,-0.0016425987104972386,-0.0034786007524016302,-0.0037938989455601627,-0.002671951554874169,-0.0014718515975859047,-0.003207986390519324,-0.0037938989455601627,-0.004062865461385538,-0.001387293515646178
2025-10-31,0.0012259679926703102,0.0014244433660411228,0.0018389396180577035,0.0018697674830758075,0.0015123566994925763,0.0014244433660411228,0.0016859092598601787,0.0018039540607903862,0.0017977996275201085,0.0014244433660411228,0.0014567007922500525,0.0017917540684360218
2025-11-03,-0.0013027620429794007,-0.0015654839196367677,-0.000861365180274699,-0.0009341649458363012,-0.0014605467522595724,-0.0015654839196367677,-0.0016344173482596446,-0.0009106755563020557,-0.0019591385965346416,-0.0015654839196367677,-0.0019319862665971156,-0.0011047488414363904
2025-11-04,-0.0035865579922208565,-0.00518803738092746,-0.0037961698388986748,-0.003196236114460265,-0.005071238257696354,-0.00518803738092746,-0.004619266311613268,-0.003544105986406864,-0.0051588363498813,-0.00518803738092746,-0.005322705850744712,-0.00321592977179647
2025-11-05,-0.0020332371481604442,-0.004463992139638816,-0.00257232620748365,-0.0016134462650863853,-0.0034534197786932432,-0.004463992139638816,-0.004564725858915631,-0.0019404719689345442,-0.004177817961983697,-0.004463992139638816,-0.005508693317395454,-0.001969784412808503
2025-11-06,0.0016669505671174781,0.0031950362707353075,0.00319750661752587,0.0026064907510567146,0.0031195255652851635,0.0031950362707353075,0.004024948642011989,0.0033841138398250266,0.003838688109569235,0.0031950362707353075,0.004095254357839307,0.0032674420194017885
2025-11-07,-0.002285285444906611,-0.002819577321571332,-0.0027942204063968,-0.001850309021564973,-0.0039553512249687,-0.002819577321571332,-0.004861114924539292,-0.002380782495273748,-0.004480548865905183,-0.002819577321571332,-0.0051989534125536285,-0.0022116890903387957
2025-11-10,0.002640272741844027,0.005730070591927885,0.0031381529038865884,0.0023228393232582437,0.004722428365102002,0.005730070591927885,0.005340564652741157,0.0029001804399884073,0.005509418318238951,0.005730070591927885,0.005477122654123349,0.002688804804214757
2025-11-11,0.0036523385226429447,0.005147100233231755,0.006010577929864914,0.0051875017898086505,0.004416733400544459,0.005147100233231755,0.0064983408684689365,0.005149686040035822,0.004730502865977199,0.005147100233231755,0.00612447260716321,0.004961908905481991
2025-11-12,0.0015561671219879258,0.001521436239790796,0.002472795129264533,0.0022635791007364655,0.0016815765674204441,0.001521436239790796,0.003258792668300509,0.00256031205156981,0.002150560247854021,0.001521436239790796,0.0038252933711826927,0.0026014930181372754
2025-11-13,-0.0007726585995094182,-0.00021652187572093162,0.000903501543610477,0.0005537584343214168,-0.0014622363024092283,-0.00021652187572093162,-0.00017004612693608478,0.000302902205755995,-0.001806866157130678,-0.00021652187572093162,-0.0019987230026945,0.0003821463939648043
2025-11-14,-0.0082672721952376,-0.010184626629552213,-0.009785503678113795,-0.007614383710012777,-0.011322912253196052,-0.010184626629552213,-0.012762326185387715,-0.00813541148502152,-0.011848057519410768,-0.010184626629552213,-0.014572318596213956,-0.007715186927773108
2025-11-17,-0.0008143384535777251,-0.0016041430816223737,-0.0016048395680957938,-0.0023673293669442897,0.00021455047488150232,-0.0016041430816223737,0.0011779375383705521,-0.0022948220104344005,0.000496675522949974,-0.0016041430816223737,0.0034582994332511786,-0.0024732234218221125
2025-11-18,-0.009254550809493394,-0.013329610093706683,-0.011373095805614346,-0.009263886619090132,-0.013838287440263629,-0.013329610093706683,-0.015130203201676509,-0.010482409013893204,-0.015124830400747788,-0.013329610093706683,-0.01628211581568953,-0.009832594053610432
2025-11-19,-0.0009084647477319125,0.00023734453546509022,-0.000920684933215793,-0.0005834634373362302,-0.0018400446102360755,0.00023734453546509022,-0.0022297202511534745,-0.0008478771444995652,-0.002313502268409805,0.00023734453546509022,-0.0030897691458252946,-0.0007813446189348683
2025-11-20,0.007316246902278393,0.010032074129447269,0.008788993636269083,0.0069340095358645295,0.011458132274580805,0.010032074129447269,0.01268011906142842,0.008056396623606884,0.013207552369674486,0.010032074129447269,0.01454058707485659,0.007825968363116597
2025-11-21,-0.01054273307757032,-0.014963604692967614,-0.013372844658372428,-0.01109087104333448,-0.015246442441890178,-0.014963604692967614,-0.017783682120619045,-0.012601598881039582,-0.017196862047975978,-0.014963604692967614,-0.019325080976281776,-0.012189987327495575
2025-11-24,0.006084111955096449,0.007986303036066742,0.0067033483913248445,0.005285696034756499,0.008639373229780763,0.007986303036066742,0.009081930036400357,0.0055174621297768055,0.009080243800173944,0.007986303036066742,0.010615679633612655,0.005105300754655509
2025-11-25,0.0047202153013182375,0.006632997660686862,0.006805994631718022,0.00657545539278952,0.005765711275853017,0.006632997660686862,0.007129075733332657,0.007000422997631396,0.006812717647024915,0.006632997660686862,0.005849796490988501,0.007061727552152037
2025-11-26,0.0035006270385525115,0.005295038285065938,0.004149814277539562,0.0026798750307931137,0.0061830673254248125,0.005295038285065938,0.007418360953361336,0.0032482660071653175,0.00694746472625543,0.005295038285065938,0.00911963816583081,0.002880458919530076
2025-11-27,0.001149425180218281,0.00018350545460249203,0.0015226717810721511,0.0011458709902203148,0.0008195262326026828,0.00018350545460249203,0.0015215581207960699,0.0010435740505035486,0.0004907486004337139,0.00018350545460249203,0.0005659752245438422,0.001083738440445794
2025-11-28,-0.0017483395381679785,-0.0017307451579210407,-0.0013666352731159812,-0.0019406371939093504,-0.0008587758422182968,-0.0017307451579210407,4.823813425350092e-05,-0.0018071083155291072,-0.0004792476428990499,-0.0017307451579210407,0.0005086554079026374,-0.0018913664548574716
2025-12-01,-0.0003486503140286966,0.0002572506324902355,0.0006060534488661847,0.0012597103396333868,-0.0020586981000774492,0.0002572506324902355,-0.002283994058916915,0.0009768826529619854,-0.0027573898175922928,0.0002572506324902355,-0.0037955779814477864,0.0011111584025181671
2025-12-02,-0.00044684402357696536,0.0005334144992911323,0.00039424051277825114,-0.00022341614520910634,0.0005782513359563807,0.0005334144992911323,0.0011130126973005268,0.0001890740574467963,0.0006984691455238437,0.0005334144992911323,0.0017350582577818443,-0.00010857336697141591
2025-12-03,0.0008400557877042929,0.0017365846233232099,0.001406744264626555,0.0007303123782224989,0.0015953567778363782,0.0017365846233232099,0.0025348044444058705,0.0009231434986897189,0.0017365551235534915,0.0017365846233232099,0.002975421870289828,0.0007938555575819142
2025-12-04,-0.001175600025513135,-0.004058932611785357,-0.00036177089480970786,-0.0006732410581859702,-0.0019305621716633112,-0.004058932611785357,-0.0008199883563203142,-0.0008262009059653477,-0.0030520231186717465,-0.004058932611785357,-0.0016094359469171504,-0.001266483066554184
2025-12-05,0.0012411722553378394,0.0011930220444550928,0.0012558896622192688,0.0013152395375930193,0.0013787848308425216,0.0011930220444550928,0.0010946675040341618,0.0013921222085237941,0.0014957738224352123,0.0011930220444550928,0.0006981805567396367,0.0014466642874031467
2025-12-08,-0.0005430177037386076,0.0007966304624407402,-0.0007568653938236924,-0.0010158364088775163,-0.00017801814185369345,0.0007966304624407402,-0.00011508289053593957,-0.0007648674205384479,1.2002951849935681e-05,0.0007966304624407402,0.0004111436722611662,-0.0007145517696176547
2025-12-09,-0.00429594913711589,-0.005371761373578508,-0.003971402475449311,-0.004073442288192137,-0.004832900378319389,-0.005371761373578508,-0.0042082661438041565,-0.004253969847522201,-0.005319718405852319,-0.005371761373578508,-0.00434060489673104,-0.004383624090698347
2025-12-10,-0.000492838440188965,0.0001105693303458483,-0.00025290853299872294,-9.310743337248379e-05,-0.00044952656504977146,0.0001105693303458483,-0.0006561395941378133,-7.110295961102114e-05,-0.00040884951177464765,0.0001105693303458483,-0.000816522346804105,-0.00011995985105216384
2025-12-11,0.001328191583851605,0.0003904532646448614,0.0007086163895575903,0.0009881069941451428,0.0005627911740738992,0.0003904532646448614,-5.915842995895226e-05,0.000610580877534004,4.230267408003526e-05,0.0003904532646448614,-0.000401370460512283,0.000641449695098842
2025-12-12,0.0061398627566126235,0.008330397673497551,0.007752926288547567,0.0065650039085003034,0.008729885305524997,0.008330397673497551,0.00931820946228525,0.007341174151935684,0.009456971221533394,0.008330397673497551,0.009732355544225179,0.006947560322761696
2025-12-15,-0.0022138297775342554,-0.0019391928661629853,-0.0021085728219909137,-0.0014581650008510453,-0.0036933595661139103,-0.0019391928661629853,-0.0038816938819381175,-0.0018176538143062151,-0.00399442228637568,-0.0019391928661629853,-0.005039218567222403,-0.0015077330585822374
2025-12-16,-0.0032603551871574717,-0.0053575157825580455,-0.0046167784280598655,-0.0041069625511113,-0.004934477326764899,-0.0053575157825580455,-0.005733845547483176,-0.004872235686948509,-0.006037210561823118,-0.0053575157825580455,-0.005671636955183755,-0.004866645672578373
2025-12-17,-8.061799481348379e-05,0.0008586226484520087,0.00045685152378677175,0.00063999905977187,0.0004966735035367618,0.0008586226484520087,0.0005500614397412275,0.0007262509665308447,0.0012686155415557196,0.0008586226484520087,-1.92637422539681e-05,0.0008833102898753688
2025-12-18,-0.00033252772919236095,0.0003785204049955823,-0.0015040161186696433,-0.0006039351613888733,-0.0008149657194220213,0.0003785204049955823,-0.002447104964963713,-0.0006816861215977396,-0.0008274764827832272,0.0003785204049955823,-0.0024398136136747255,-0.0006073464859056276
2025-12-19,0.002542500353750581,0.0028665843679383943,0.002611253639344518,0.001752050081283061,0.003835265509992901,0.0028665843679383943,0.004350728468856721,0.0019644418406913637,0.0042387659978677375,0.0028665843679383943,0.005091831643343068,0.001925413570125842
2025-12-22,0.004732927795221616,0.007930865972587655,0.006245227012981658,0.005218559378436915,0.007680785949588125,0.007930865972587655,0.008195296131475752,0.0059931827340427655,0.008907929617609514,0.007930865972587655,0.008264048585801464,0.0057228714891782596
2025-12-23,0.004741452342345147,0.007413557213858061,0.004575787296622705,0.003929592172737213,0.005866757105230677,0.007413557213858061,0.0041360817594929935,0.004080352309557754,0.0053443953461846105,0.007413557213858061,0.004597057530856282,0.003752459531589705
2025-12-24,-0.000879031702414118,-0.0010350098489380819,-0.000710093811733641,-0.000934693367456824,-0.0015141817293710068,-0.0010350098489380819,-7.074800675826614e-05,-0.0011363557368550608,-0.001809897368845141,-0.0010350098489380819,-0.00014883456397696098,-0.0011401192111132996
2025-12-29,-0.0001832358977587693,-0.0002766048552256988,0.0007127853434551764,0.0006524949154313886,-0.0007546100350786327,-0.0002766048552256988,0.0001116615093803708,0.0007893848906044996,-0.0007729023794850129,-0.0002766048552256988,-0.000710935351377519,0.000977703311616471
2025-12-30,-0.0015465472103701576,-0.003969324274681414,-0.0033752856856356186,-0.0031516120130548595,-0.002007052889558744,-0.003969324274681414,-0.002449893133838887,-0.0032607079289074426,-0.0023027031668254884,-0.003969324274681414,-0.0007822263368142781,-0.0033101067680395323
2025-12-31,5.0693363560188665e-05,-0.00019694450085438176,-0.0004996247467781157,-0.00018136193911297724,-0.0002769641172668855,-0.00019694450085438176,-0.0004482016383840818,-0.00027924565553757806,-0.00017009707231301126,-0.00019694450085438176,-0.00047398073088587844,-0.00014586276129561975
2026-01-02,-0.0002806302964532824,0.0022044301782203402,0.00011488674651380948,0.00024025073337338796,0.0009595217424854642,0.0022044301782203402,0.00018488999797172252,0.0008203897555257406,0.0017520671719137729,0.0022044301782203402,0.00044015705846109387,0.0007229571696595374
2026-01-05,0.0024433989787665273,0.0037747845774502025,0.003155577159678983,0.0034805214324125696,0.0031980669082888984,0.0037747845774502025,0.00317956693274809,0.004128220589262685,0.004344693306402353,0.0037747845774502025,0.002671787523134281,0.0043019425090717175
2026-01-06,-0.00023353287000040958,-0.000568259569890053,0.001211760913353927,0.0009436432059717339,-0.0011337874336649792,-0.000568259569890053,0.001345813885571771,0.0009330898792733247,-0.0011973825762821681,-0.000568259569890053,-0.00038423017133654066,0.0011077581827179472
2026-01-07,0.0006008889871522707,0.00019159782364929374,-0.0003072885221403664,-0.0007754753985302921,0.00046868965117331123,0.00019159782364929374,0.000882695527512487,-0.001170866704435427,2.9126847264834736e-05,0.00019159782364929374,0.0011049108630040508,-0.0011461983861565154
2026-01-08,0.0020815844162348765,0.0017501907929841675,0.0009378434764057591,0.0015674204307404259,0.0021656101880280043,0.0017501907929841675,0.0007468783991878531,0.0015004300944031035,0.002516988810069865,0.0017501907929841675,0.0011055393998263506,0.0016039922730643778
2026-01-09,0.0005583515745445338,0.000790254292568501,0.001310064306462525,0.0011587743479449708,0.0007317978460769501,0.000790254292568501,0.0012371519774152426,0.0012033532487070243,0.000899125687216757,0.000790254292568501,0.0007579901839797671,0.0012205181090069962
2026-01-12,0.002722459058836227,0.004179973067358238,0.003536354604793885,0.003289107998093905,0.0037994250157113857,0.004179973067358238,0.003610953766769315,0.0034109227726220404,0.004271160160176533,0.004179973067358238,0.002553176250154726,0.0033897968123171368
2026-01-13,0.003013251958498541,0.004426104066420129,0.0035429185495162827,0.0032183386715453548,0.004192958629538047,0.004426104066420129,0.004123048977754994,0.0037703483884941455,0.004731547532307946,0.004426104066420129,0.004343477482516626,0.00366113837772064
2026-01-14,0.0008067985420571377,0.0017384366199502512,0.0006798336559056522,0.0009983170236462914,0.0011780765343465044,0.0017384366199502512,0.0002691060930748494,0.0011556621276486002,0.0016038012991480713,0.0017384366199502512,-0.00019811787180844988,0.0012736006342513677
2026-01-15,0.0012267639883674147,0.000232254046041553,0.0005318188369648483,0.0008155465451139477,0.001267371127539404,0.000232254046041553,0.000196821078484677,0.0008275532001010083,0.001114092845113113,0.000232254046041553,0.0007590560683675627,0.0007166096471932105
2026-01-16,0.0021319103602596688,0.004212963109240282,0.0019618199651907048,0.0011570001185131334,0.0034099063397614263,0.004212963109240282,0.0032554321458826774,0.0013887724875222733,0.0034770599831869167,0.004212963109240282,0.004551503885038676,0.0011754117049360903
2026-01-19,-0.00356803452551994,-0.002486442549834292,-0.004226154783507011,-0.0030788642183064673,-0.004477505044466984,-0.002486442549834292,-0.006098417887990553,-0.0032269067597048545,-0.004493444480090295,-0.002486442549834292,-0.007691634155127637,-0.0030211960886510755
2026-01-20,-0.004035241902711383,-0.003834671851772529,-0.004271614963005738,-0.004363104631693172,-0.005143757117642329,-0.003834671851772529,-0.00447501514652469,-0.004732273793833792,-0.005819202099972181,-0.003834671851772529,-0.005095365784439097,-0.004619994066034772
2026-01-21,-0.001204843093333206,-0.0005825775017428622,-0.00024840664915023276,0.0005967366610034357,-0.0025501776416927634,-0.0005825775017428622,-0.00292194904491962,0.00022682367186661428,-0.002982564811224337,-0.0005825775017428622,-0.006088691774137072,0.00035423382670402253
2026-01-22,0.0019744203455972715,0.0024591851681521845,0.0020108858182690693,0.000599398821271931,0.00334362046690403,0.0024591851681521845,0.004370884659997789,0.0010637339602027956,0.0029763381065104166,0.0024591851681521845,0.006322827187638905,0.0005693949637366599
2026-01-23,0.0014722567885399303,0.0034523285156258816,0.0022007614982536947,0.002238534138915828,0.0015216615018004795,0.0034523285156258816,0.0011908576779106372,0.0022896228499806725,0.0015608757941230436,0.0034523285156258816,-0.0008602291816315247,0.002420443030985705
2026-01-27,0.0036128888723271136,0.0055175151413735446,0.004860758693574203,0.004293741230855906,0.004428213249501339,0.0055175151413735446,0.0044749691678883435,0.00459792150263398,0.004036797830784756,0.0055175151413735446,0.00402215547181207,0.004151988371913323
2026-01-28,0.0011878431767271295,0.0023128961868141393,0.0029255129533410176,0.0030426276496451836,0.0002149105818572671,0.0023128961868141393,0.0006750353265327712,0.0032651883600949582,-0.0003609055021967906,0.0023128961868141393,-0.0022387940073541994,0.0032911941214075605
2026-01-29,-0.00042058709253564824,0.0022016926131330807,0.002085025328628767,0.0019354688980127487,-0.0023078401202781124,0.0022016926131330807,-0.0017791013025085472,0.0018029880854506192,-0.004175417163005379,0.0022016926131330807,-0.006285007596862847,0.0015820818851092126
2026-01-30,-0.0048205483140066055,-0.010556970585813955,-0.0072060314413226806,-0.006773870861117953,-0.005805971784871647,-0.010556970585813955,-0.005820829481466462,-0.007132278134663939,-0.005985506180444886,-0.010556970585813955,-0.0018279773102833176,-0.007089387701367915
2026-02-02,-0.00826759328500523,-0.015601184792386003,-0.012346237374469465,-0.011545894439822664,-0.010855860489168208,-0.015601184792386003,-0.010784108798430603,-0.013273064297697725,-0.012074502174456762,-0.015601184792386003,-0.006392529821888128,-0.013138718957558259
2026-02-03,0.006256677752535895,0.009894932868230897,0.009369774005226199,0.007169725245848757,0.009042519570527862,0.009894932868230897,0.011468493039965241,0.008291403299320436,0.00966147177756714,0.009894932868230897,0.01154642285614039,0.007875209057975872
2026-02-04,0.00030621154658496807,0.0023097845509802875,0.0013012719798903948,0.0021567638266834638,-0.00012441827373204902,0.0023097845509802875,-0.002855398136155953,0.002793982796983082,-0.0010026588653187232,0.0023097845509802875,-0.006058067836552821,0.0024418460596330733
2026-02-05,-0.0023935957253269926,-0.005847996668611411,-0.0035901647343741776,-0.0031833145035435224,-0.0032662016259790965,-0.005847996668611411,-0.0032782345235583023,-0.0037894590914993036,-0.0035422060411318367,-0.005847996668611411,-0.0015586994476357052,-0.003725107720266437
2026-02-06,-0.009169292426090969,-0.014013794267921034,-0.009707410070068116,-0.007442179621892078,-0.01427393502826817,-0.014013794267921034,-0.013958055449331536,-0.008348600902249781,-0.015474517162387532,-0.014013794267921034,-0.01656116492215128,-0.007599926349712546
2026-02-09,0.010903412993816763,0.016778309055206525,0.013976299419941227,0.01108337382979408,0.01599200111412427,0.016778309055206525,0.01791553018289819,0.012640206820992397,0.01734461916894335,0.016778309055206525,0.018630312215714154,0.011929127398756666
2026-02-10,0.0021166092275543336,0.0031617499830861586,0.001277661104585074,0.0009237828858333168,0.0022724600464204083,0.0031617499830861586,0.0024543070569639164,0.0008133964599543369,0.0023259038726354607,0.0031617499830861586,0.002956897068717664,0.0009547033475943743
2026-02-11,0.004137036713998077,0.005197748817496593,0.0033875892794000095,0.0035692186030804674,0.005084256787876043,0.005197748817496593,0.0032570273348528854,0.004171261342673173,0.004899732592380631,0.005197748817496593,0.0032175862742792804,0.0037132006575446674
2026-02-12,-0.0001418715005683971,-0.001623898326182657,0.00230012623052212,0.0019501459310806246,-0.0005066161965018871,-0.001623898326182657,0.0009465752664160445,0.002311114337823173,-0.0014320480202592832,-0.001623898326182657,-5.590826645876249e-05,0.001703873320332246
2026-02-13,-0.006563126162519957,-0.008528251609481728,-0.008671386858440256,-0.007012268774392587,-0.01010970095716335,-0.008528251609481728,-0.011849377024644257,-0.007959179499816678,-0.011472271076126828,-0.008528251609481728,-0.011639922903865518,-0.0075515348027773216
2026-02-16,0.001914627465844553,0.0030040519103503357,0.0006073757051679472,0.0006654178119546077,0.0022524622512919384,0.0030040519103503357,0.0014983756384033425,0.0004477104312781083,0.0026121082970692504,0.0030040519103503357,0.0021402720640019547,0.0006703440460220746
2026-02-17,-0.0007236035153892293,-0.0017343439202679454,-0.0017369786474963145,-0.001169944611182869,-0.0012321379776385362,-0.0017343439202679454,-0.0025920759608656354,-0.0014093787574176791,-0.0017240365997210723,-0.0017343439202679454,-0.002546878268599117,-0.0015181268675404367
2026-02-18,0.003779361578659378,0.006065590937967652,0.004523771335750811,0.0033943480759174604,0.0062259378789148905,0.006065590937967652,0.0069365533018868625,0.003915110720854981,0.007165731669331998,0.006065590937967652,0.008412450009695666,0.003651076394926079
2026-02-19,0.0029299173963505095,0.0023142673288704045,0.005618994309490346,0.005360485993632211,0.0044660709529186415,0.0023142673288704045,0.005563910806271471,0.006238333645406578,0.004998496467782849,0.0023142673288704045,0.004345811624373913,0.005639303339808131
2026-02-20,0.0011864765421429032,0.000915912500341416,0.0012837743793356212,0.0013336155183084073,0.00048167370432654767,0.000915912500341416,0.0005115815157259374,0.0011173979147535036,-1.2116824993050134e-05,0.000915912500341416,0.000497659616544352,0.001117705432432541
2026-02-23,-0.0012484998554548057,-0.00037649426451429887,-0.00038497086621547136,0.00037487020602155704,-0.00275165283431941,-0.00037649426451429887,-0.0023819664486752303,0.0005667068664125148,-0.002905437482644945,-0.00037649426451429887,-0.004985721186677361,0.0008299814112825637
2026-02-24,0.0010260017998557438,0.000307543526102605,0.001483747133261446,0.0016067293802857533,0.0008022359676484148,0.000307543526102605,0.0011890892274942053,0.0017649505121924644,0.0007621991722446252,0.000307543526102605,0.0004290158207085763,0.0017013660293318516
2026-02-25,0.002422165428869972,0.004216280384344441,0.002103866138177259,0.0016683400897008413,0.004212271112345886,0.004216280384344441,0.003456660241911403,0.0022634818384649896,0.0046340009354574625,0.004216280384344441,0.00400457836116225,0.0019565218367428206
2026-02-26,0.003268707167778678,0.0038453191786537804,0.003061035766744908,0.0022005717144282463,0.0042812916347123725,0.0038453191786537804,0.00427591842215539,0.002124594361270697,0.004091094836537595,0.0038453191786537804,0.005093796416030682,0.001905395777541315
2026-02-27,3.98256217556854e-05,-0.0006224342370163017,-0.0012344060651032593,-0.0011052974931191608,-0.0006048472686555028,-0.0006224342370163017,-0.0015159512278215429,-0.0016895141422584373,-0.001341098326765235,-0.0006224342370163017,-0.001280171962717758,-0.001708525310829373
2026-03-02,-0.00046960410931318414,0.00040463932024666907,-0.0011337403501477316,-0.0003118266362150185,-0.0013768987436764747,0.00040463932024666907,-0.0034935523663329085,-0.0007780882600512708,-0.001985136648119544,0.00040463932024666907,-0.005096015160094005,-0.0007354808215404842
2026-03-03,-0.006928388904948381,-0.00952957160451267,-0.005087828827802302,-0.005548062281195016,-0.00891453919827186,-0.00952957160451267,-0.005480512813084278,-0.005996817078105956,-0.01036470995607133,-0.00952957160451267,-0.0069170237952464585,-0.00615160008104165
2026-03-04,-0.008442430763642372,-0.014454141025922154,-0.008663262860104387,-0.0070615368548274625,-0.01162973646418608,-0.014454141025922154,-0.010448440444582825,-0.008368550253378303,-0.012290816950873489,-0.014454141025922154,-0.010556510684110416,-0.008038996621431486
2026-03-05,0.0038476863862912025,0.005645969588229035,0.00548811504906454,0.004061550260819388,0.006227969113525467,0.005645969588229035,0.007924291672260678,0.0050621666230687735,0.007092408785046024,0.005645969588229035,0.008326723050768712,0.004755016226988108
2026-03-06,-0.0036590075533593264,-0.004526800518593078,-0.003344332334073713,-0.0028549613521029003,-0.004557562366083715,-0.004526800518593078,-0.003901129224409624,-0.0028704617124699315,-0.004252650355851975,-0.004526800518593078,-0.004034154216657475,-0.002586488999966252
2026-03-09,-0.019863541389578965,-0.023594106942518605,-0.022417177270972796,-0.019613629889583938,-0.02612439955428017,-0.023594106942518605,-0.02836585978137287,-0.021398260595843748,-0.028973234085402793,-0.023594106942518605,-0.03073641833555292,-0.020944292004054642
2026-03-10,0.011072811394602136,0.012060413200436876,0.01329963035284723,0.01157637244631365,0.013408462947470601,0.012060413200436876,0.01614329468402984,0.012507578461575844,0.014490360978808028,0.012060413200436876,0.016287138008651857,0.012428825949071081
2026-03-11,0.000978662120913787,0.0032580323875757195,0.00018501994249779218,-0.00023880170173737136,0.0012126030798629442,0.0032580323875757195,0.0005701691225789684,0.00047570840367255586,0.0008586220057873566,0.0032580323875757195,0.00023566206038502435,0.00038005930696831934
2026-03-12,-0.009526313951938904,-0.013300298524346532,-0.009533835690125857,-0.008636470430775114,-0.012026160737801776,-0.013300298524346532,-0.011373731027970074,-0.009394371449522836,-0.013243968875631474,-0.013300298524346532,-0.012981930738515448,-0.009348287567461918
2026-03-13,0.00013316441225575377,0.0002788750497110711,0.0016925663556990856,0.001724075931680731,0.0009070232230968835,0.0002788750497110711,0.0016152542222340372,0.0020853769044400887,0.001749607268646852,0.0002788750497110711,0.0018969662152586277,0.0019369183314173726
2026-03-16,-0.0021813401931938168,-0.004913040704194288,-0.001514351990372945,-0.0011749441391024776,-0.0027101944321361628,-0.004913040704194288,-0.001992591017497657,-0.0013753039490931927,-0.0027648052318661825,-0.004913040704194288,-0.002074958577795252,-0.0014173865896916745
2026-03-17,0.0023804397412528,0.005116595975882349,0.0017821951231469992,0.001478210043118329,0.002698214670753744,0.005116595975882349,0.0021028791345681958,0.0019282036525597181,0.002676125554207091,0.005116595975882349,0.002780135319230091,0.001895805194213592
2026-03-18,0.00334299330368808,0.0033366554835260144,0.0036273752407982997,0.0028566200675821654,0.0037604474750483952,0.0033366554835260144,0.0054296539810881105,0.0028903704334600983,0.0036301425229267165,0.0033366554835260144,0.006605549253230719,0.0027245716203237683
2026-03-19,-0.011108362460832443,-0.015338935644425802,-0.010823484613230858,-0.009366599539430873,-0.01418626759402561,-0.015338935644425802,-0.013609770734940694,-0.010136345092925369,-0.015342561802735624,-0.015338935644425802,-0.014589130276032926,-0.010154232396347525
2026-03-20,-0.006503037964527489,-0.008985738011687752,-0.008019345376737236,-0.007662679612594631,-0.008187613894335331,-0.008985738011687752,-0.007366915371077814,-0.008418782738736223,-0.009209960481741233,-0.008985738011687752,-0.006575769459243571,-0.00836432880658208
2026-03-23,-0.01126445661255905,-0.016681978631600078,-0.01308665754277284,-0.0116469070953403,-0.012530147970286915,-0.016681978631600078,-0.013642536212927034,-0.012643644616944536,-0.013247776465295198,-0.016681978631600078,-0.012229016896338377,-0.01298444410746218
2026-03-24,0.004566610807519576,0.004373153596986074,0.0056082817543628635,0.005361013821753229,0.005631005429803381,0.004373153596986074,0.007384364001415567,0.0058014429851076296,0.006979295827964124,0.004373153596986074,0.007933347074384759,0.0058885076551360525
2026-03-25,0.012552902139506678,0.019034163463999918,0.013196618767711648,0.01198379000432802,0.016395506483026543,0.019034163463999918,0.014782102171232348,0.013118350609106256,0.018371331699365043,0.019034163463999918,0.014346529023255295,0.013203231048518406
2026-03-26,-0.0026442485702930893,-0.004064402262249463,-0.002519471171659788,-0.0020738976211151596,-0.0029203793075453107,-0.004064402262249463,-0.0031899234674119996,-0.0019954206639894315,-0.002899505842830987,-0.004064402262249463,-0.0033570751666370533,-0.0020437097262586247
2026-03-27,-0.0036589186867657417,-0.004209788564193976,-0.0031422184990176644,-0.003001684941694637,-0.0029588047058600087,-0.004209788564193976,-0.0032785385704696907,-0.0028211928359701244,-0.002622523809624595,-0.004209788564193976,-0.0030307856444291956,-0.0030580971613213812
2026-03-30,-0.005081142929987627,-0.005120062364586689,-0.0076723433956848745,-0.005771512237125815,-0.007865863114503158,-0.005120062364586689,-0.011200860893128148,-0.006742490622367824,-0.009087216206175707,-0.005120062364586689,-0.012386291360467075,-0.00648000992796338
2026-03-31,0.004441416787179369,0.004883283226259813,0.0043187882893097615,0.00413377525517376,0.004395082252744553,0.004883283226259813,0.004488344162720258,0.003805551096980926,0.004273757512451076,0.004883283226259813,0.004811354747627726,0.0038660664599235355
2026-04-01,0.014137426553844203,0.016992203950546344,0.015850703930712536,0.013993687932193414,0.01786601657605818,0.016992203950546344,0.019256546990412064,0.015488735368057262,0.01948149700090227,0.016992203950546344,0.01888878734355551,0.015222724714572807
2026-04-02,-0.006100704960742055,-0.007823671955689004,-0.00513506302682663,-0.004887954653897904,-0.007374653726106058,-0.007823671955689004,-0.007176171257369246,-0.005189187892571357,-0.008198560412042944,-0.007823671955689004,-0.007649152983856807,-0.005236475252508831
2026-04-07,0.006656669008525916,0.007682864800447351,0.007470645203174715,0.006218740592279855,0.009385020790904874,0.007682864800447351,0.010307768717110269,0.0070947754551596775,0.01000357475839604,0.007682864800447351,0.011039993184064695,0.0066030180890197816
2026-04-08,0.016269569022625417,0.023604806979551345,0.016072865908840557,0.013307050706657246,0.02182087799296777,0.023604806979551345,0.02119754605393331,0.015145980174657708,0.023882940315927612,0.023604806979551345,0.022620808409533448,0.014963169672506374
2026-04-09,-0.0011936997304530276,-0.0034286522138292515,-0.001362726195539778,-0.0008268236800071002,-0.0016891777191672581,-0.0034286522138292515,-0.0019807903217017807,-0.0012208009578969588,-0.002229398760276268,-0.0034286522138292515,-0.001218609085791923,-0.0014377269258346675
2026-04-10,0.0004527870947086466,0.0021819422940158512,0.0012414590821672484,0.0005144734631860355,0.0010060398865236505,0.0021819422940158512,0.0018579481231699784,0.0009104545111771702,0.0012224850550573887,0.0021819422940158512,0.0021827772079521016,0.0009057227567774071
2026-04-13,-0.0033051441625469493,-0.004464090210419033,-0.002647892350802602,-0.002262824987142936,-0.004170499753468857,-0.004464090210419033,-0.0038843749965725718,-0.0023083836616402125,-0.004493641437084921,-0.004464090210419033,-0.00444370428016371,-0.0023883767445175546
2026-04-14,0.007304868441101574,0.008448339839126441,0.00847420837629368,0.007577905013495827,0.008486459242017437,0.008448339839126441,0.009545754401716913,0.008246366700068966,0.00916972589390314,0.008448339839126441,0.009869859909082344,0.008275849227303891
2026-04-15,0.0028849010128771833,0.004665854146292286,0.00244118585375321,0.0018877331123810914,0.003586993875966005,0.004665854146292286,0.003912960631201832,0.0020258366228612787,0.00404158841970092,0.004665854146292286,0.004645923235353665,0.0022337531453444207
2026-04-16,0.001128134624265367,0.0024658761348059395,0.0011229692500933728,0.0005341772569171022,0.0019424010055422033,0.0024658761348059395,0.0032108122787978277,0.0006555354149244368,0.002510089681833524,0.0024658761348059395,0.004303772987550602,0.0007846151162199893
2026-04-17,-0.0010060835636369711,-0.0006824718208074586,-0.00124968287518528,-0.0013086540257302923,-0.0006244529079666399,-0.0006824718208074586,-0.0003059064978024836,-0.0014440282557368622,-0.00044142275363154716,-0.0006824718208074586,0.0004565137636128586,-0.0014751257873393702
2026-04-20,0.0036179070545116457,0.003835312008555807,0.003559087625146715,0.0036130054217321447,0.004019141265971849,0.003835312008555807,0.003560735502090035,0.0037209695294999744,0.004776795819346287,0.003835312008555807,0.004041369471271709,0.004004977624869693
2026-04-21,0.002172034974735512,0.002295487302741521,0.002592868112595408,0.0024364070495457462,0.002268391132722794,0.002295487302741521,0.002987240931504093,0.002579840452652479,0.0026667370746413658,0.002295487302741521,0.003304564685345972,0.002731835852126179
2026-04-22,-0.005004084795132393,-0.005184561844805916,-0.004824076194138838,-0.004463151312417455,-0.0064200913539119745,-0.005184561844805916,-0.004840836839499461,-0.00478421061015361,-0.0067086967089443365,-0.005184561844805916,-0.004954190731500347,-0.004662630715816946
2026-04-23,-0.003428952801103059,-0.005130169898500338,-0.002893428095725704,-0.0028046481543484466,-0.003961439047742472,-0.005130169898500338,-0.0029182841936301867,-0.0030700637848605564,-0.0043979169456536986,-0.005130169898500338,-0.003047958913309019,-0.0031691221233362144
2026-04-24,0.001213052080622085,0.0006289816127153201,0.002906476565886639,0.0027110548124584253,0.0012274848816715635,0.0006289816127153201,0.0027340455065832476,0.0031215173347343855,0.0014810125933950955,0.0006289816127153201,0.002445617040583652,0.0030095555835153148
2026-04-27,-0.0002200180240269545,0.0003690665867328213,-0.000591910787032966,-0.0005965020673447683,-0.000377221426904796,0.0003690665867328213,-0.00016818450101910602,-0.0006081635085657663,-4.097846127058806e-05,0.0003690665867328213,-0.0001864992663853823,-0.0003222276632712648
2026-04-28,-0.0035200105847144687,-0.006273802030738024,-0.00292423271416854,-0.0028596070098040405,-0.004467645188925439,-0.006273802030738024,-0.0022932387105282785,-0.0031839806348009877,-0.005239138880682992,-0.006273802030738024,-0.002718362940477088,-0.0033417413812753963
2026-04-29,-0.00019005533580416096,0.0005405025196128535,-6.641433939673758e-05,2.5790785707375913e-05,-0.0003173897994238448,0.0005405025196128535,3.1757888139551494e-05,0.0002006282214972527,8.234526221071767e-06,0.0005405025196128535,0.0005283676757382378,0.0002492093624147453
2026-04-30,-0.0034414901525190713,-0.00302705069020743,-0.003505460278730378,-0.0035017491658023508,-0.003131111312842955,-0.00302705069020743,-0.00401813070664703,-0.0036716963948996424,-0.0031995057018004715,-0.00302705069020743,-0.00314608633589035,-0.003764139154239904
2026-05-01,0.00696791286170839,0.0082770199784165,0.00808636889835056,0.007160702911501986,0.008379682558648972,0.0082770199784165,0.009804014930534939,0.00779378133520374,0.009093299860652496,0.0082770199784165,0.010279750850062292,0.007683990835836745
2026-05-04,4.480349482207797e-05,-0.0008380698989059174,-0.0004827860221043796,-9.82072019625259e-05,-0.0011439109297580758,-0.0008380698989059174,-0.0007450404152822938,-0.0004553964999280516,-0.0015551117845607986,-0.0008380698989059174,-0.0011024806481028427,-0.0002819384042696051
2026-05-05,-0.001640605349356334,-0.00264075110458532,-0.0012729750395757803,-0.0011457304770420508,-0.001424177710701806,-0.00264075110458532,-0.00168710713964188,-0.001135915480163049,-0.0012364630384635467,-0.00264075110458532,-0.0015963632172243862,-0.001168476729564358
2026-05-06,0.005750178238049882,0.009092389358856296,0.005758379630319995,0.004476707006642085,0.007220757144448422,0.009092389358856296,0.0064771631876926646,0.00511627883473958,0.0069295831437677395,0.009092389358856296,0.006956713128081155,0.004743945834227312
2026-05-07,0.007528280124963994,0.008351757666072771,0.008690268273258545,0.007853903900035543,0.009648161208120913,0.008351757666072771,0.010354284656365856,0.008633884889119836,0.010976990771797639,0.008351757666072771,0.01008466310515945,0.008564617513019204
2026-05-08,-0.005202858824463531,-0.006457313793702277,-0.004751970539479973,-0.004096613514537412,-0.006839379103753262,-0.006457313793702277,-0.005345247013404341,-0.00451799938653313,-0.006858298087741344,-0.006457313793702277,-0.006332406086923349,-0.004201993459478748
2026-05-11,-0.0008708794366663541,-0.002000770131433443,-0.00041067780956851306,-0.0004994045099310997,-0.0012512746991172217,-0.002000770131433443,0.0006314773153888135,-0.0006162780823555587,-0.0015601240132147789,-0.002000770131433443,0.0009797862558961865,-0.0006737848270045481
2026-05-12,-0.0005443542171567515,-0.00048764509714723734,0.0007563908386731237,0.0006398289571395703,-0.0007115881802779959,-0.00048764509714723734,0.00019018543599289697,0.0007545379504373004,-0.0005685138975538125,-0.00048764509714723734,-0.0004850578798769941,0.0007115832880938137
2026-05-13,-0.0004044553573572174,-0.00012876135906945616,-0.00034720088113722165,-0.0006569000405597269,-0.000362654574093164,-0.00012876135906945616,0.0012269306657079887,-0.0009312090330703891,-0.0005539538736780382,-0.00012876135906945616,0.0020324636968915887,-0.0009896517360818862
2026-05-14,0.0014532236702230344,0.0009167783679515094,0.002586722334138946,0.002298525605905016,0.0009387876394242624,0.0009167783679515094,0.002695925785856043,0.0024620348537566137,0.0005300857340875412,0.0009167783679515094,0.0025457399494588193,0.0023190209441863534
2026-05-15,-0.0007904784883484361,-0.0028438046384691783,-0.0001731728659745324,-0.0002801167682017153,0.0003198818654845672,-0.0028438046384691783,0.0009398720289665994,-0.00029934404819924136,0.0007446380923742787,-0.0028438046384691783,0.0018674932197395165,-0.0004178757046330217
2026-05-18,-0.007695663376789947,-0.009751596210711007,-0.006764393640154188,-0.005820379553335975,-0.009881771603223595,-0.009751596210711007,-0.009122552805347071,-0.006027388609405535,-0.010183798470506896,-0.009751596210711007,-0.010893858853592458,-0.005827728108740624
2026-05-19,0.004724296461327072,0.005480730262000926,0.004889162113284776,0.004312442322551441,0.0061087288343323306,0.005480730262000926,0.005651280320735027,0.0045476035651025645,0.006106632950623055,0.005480730262000926,0.00633924983212979,0.004207201754976196
2026-05-20,-0.004634576112990629,-0.007723614474257286,-0.0038949635154961323,-0.00317376026847598,-0.0063637470609432,-0.007723614474257286,-0.00420820088910931,-0.0036234811566244218,-0.006519711143689225,-0.007723614474257286,-0.005135263052690806,-0.003350344320207449
2026-05-21,0.009698282984182904,0.012422510703276572,0.009437646978627258,0.008485532781475881,0.011782823214070981,0.012422510703276572,0.010705977882087984,0.008972394511296505,0.012366825226689986,0.012422510703276572,0.012145980047363178,0.008789836642281912
2026-05-22,0.0031569998339650656,0.0026919657319594624,0.003968976425258918,0.0037756130141913024,0.003554104950453838,0.0026919657319594624,0.004699837671639351,0.004195187878034981,0.0039451912297201975,0.0026919657319594624,0.003943674850510033,0.00412036678019713
2026-05-25,0.004777190135554252,0.006027978034594143,0.004722901683334344,0.004235415429440712,0.00585183571357836,0.006027978034594143,0.006426028281368545,0.004571017225657108,0.006764343468691107,0.006027978034594143,0.006860325912471602,0.004714322694056135
2026-05-26,-0.00160412505937027,-0.0019527875207084697,-0.001603232379898674,-0.001221857892639445,-0.002022810834463645,-0.0019527875207084697,-0.0018303213180202976,-0.0013067259558839674,-0.0017936883469154283,-0.0019527875207084697,-0.002028437003707602,-0.001181262908079927
2026-05-27,0.0012999644045158987,0.0015780849825909856,-0.00021184009979767016,-0.00015494618120258252,0.0020824332218094895,0.0015780849825909856,0.00018537775254686098,-0.00012132374261080945,0.00216909523366772,0.0015780849825909856,0.0017418060248084596,-0.00011335365444754993
2026-05-28,-0.004503658151922921,-0.007918949424985838,-0.0032930804504269287,-0.0027321258073910843,-0.0065586496574421855,-0.007918949424985838,-0.003896544972583503,-0.0034321715880276365,-0.007363574869054908,-0.007918949424985838,-0.004212238465099554,-0.0033039550676420585
2026-05-29,0.007165338054534154,0.010571263044699217,0.006233961063860468,0.005333855376676948,0.009261147749886551,0.010571263044699217,0.007161196345274927,0.005769362087388982,0.009571036035814117,0.010571263044699217,0.0074304802373568405,0.005514499237813537
2026-06-01,0.0007673880275969713,0.001855061087066745,0.0010506129346036224,0.000823089544378137,0.001248758990371407,0.001855061087066745,0.0015731225782443848,0.0011898256665553632,0.0019025642727132032,0.001855061087066745,0.0016841488109114748,0.001227126680361142
2026-06-02,-0.0010480327618538462,-0.001492559760308795,-0.0010701081272942211,-0.0007848162429468382,-0.00115330503842646,-0.001492559760308795,-0.0019124295784686033,-0.0006947420886860956,-0.0007589731088099681,-0.001492559760308795,-0.002294320172310904,-0.0005346308514732253
2026-06-03,0.0017225618894271138,0.000707484342448512,0.002912529810576611,0.002280879867905381,0.0028892800842065013,0.000707484342448512,0.004160937668194387,0.00271443197350719,0.0028730803317309045,0.000707484342448512,0.0037672146780537256,0.002319614736505058
2026-06-04,-0.006676719649832189,-0.007563982425971101,-0.005757274295373352,-0.004720613571725709,-0.009747058796455767,-0.007563982425971101,-0.007101933137817637,-0.0053636282388824725,-0.010146576270063629,-0.007563982425971101,-0.007498694265546288,-0.004997440553559197
2026-06-05,0.0011192064454131107,-0.0004526136027441709,-0.00041399281527654784,-0.0002846625774227359,0.0014635132075805158,-0.0004526136027441709,-2.634848179115528e-05,-0.0007988758138023996,0.0012203107024609324,-0.0004526136027441709,0.0006969842242752419,-0.0005912571975964938
2026-06-09,-0.00445157763853454,-0.0045018560385427075,-0.005848003716262531,-0.0050513755338724336,-0.0047677413475945615,-0.0045018560385427075,-0.006932292606215197,-0.005259665847789052,-0.0048048005654824305,-0.0045018560385427075,-0.006095203323258436,-0.005174554008144529
2026-06-10,-0.0004962058344711929,-0.0018026414579213562,-0.0016161356209717747,-0.0010099627329748122,-0.0008979134195639273,-0.0018026414579213562,-0.0025675291932437715,-0.0014458680015044293,-0.0018551521077050423,-0.0018026414579213562,-0.0015668973077535323,-0.0016343593458999586
2026-06-11,-0.004241924634625178,-0.00520092218861791,-0.005382942125831082,-0.004589153398378297,-0.004803441459430807,-0.00520092218861791,-0.005391661413731282,-0.004873744845514567,-0.004852858042888784,-0.00520092218861791,-0.004536057679260012,-0.004767084362534534
2026-06-12,0.011194441044480278,0.01368768720146997,0.011006623540889321,0.009579784654726404,0.014372101504941849,0.01368768720146997,0.013505088830222186,0.010141686340749618,0.014947461110368111,0.01368768720146997,0.014470880252692537,0.009739997941861764
2026-06-15,0.010374730679906432,0.015669457039824877,0.011139069293211316,0.009506962778766698,0.01391193583474825,0.015669457039824877,0.013485575443578575,0.010801670983755927,0.016261011301368856,0.015669457039824877,0.015045725520052771,0.010758710150943747
2026-06-16,0.0005730904068836916,0.00041355074431850965,0.0016547999593313032,0.0013222472356019506,0.0012868764705127192,0.00041355074431850965,0.0013402189580969904,0.001590716822837472,0.0017511480217501697,0.00041355074431850965,0.0011419082253817867,0.001552612259957664
2026-06-17,0.0019978960247136576,0.002672208212585879,-0.0002039748711459045,0.00014039227863309295,0.00217802492384604,0.002672208212585879,0.00017165415549529872,-0.0002505108915695377,0.001977496765223753,0.002672208212585879,0.0009517563350922093,-0.0001498358293857083
2026-06-18,-0.0029203073351739012,-0.003695692565060359,-0.0026868822575211006,-0.0021704753226644133,-0.00361452919268857,-0.003695692565060359,-0.0035723477555490335,-0.0021176570629806847,-0.003135316324336691,-0.003695692565060359,-0.004190203053105958,-0.0018606578567398743
2026-06-19,-0.004894129495545485,-0.008100891337038613,-0.004911786101009229,-0.0043032987538555055,-0.006256489631813664,-0.008100891337038613,-0.0043010264287298835,-0.00473486561316896,-0.006674685038381005,-0.008100891337038613,-0.003648004467766084,-0.0045414694744285505
2026-06-22,0.0010525809567341264,0.002410849797491273,0.0020321264987212353,0.0016884361519302919,0.0016641044177007336,0.002410849797491273,0.00227113522232234,0.002187177992066219,0.002768078459729283,0.002410849797491273,0.0020885485027912847,0.002329913751412349
2026-06-23,-0.0036459481981692228,-0.00639359567584665,-0.003963622498566947,-0.002993416731750463,-0.005428445566756311,-0.00639359567584665,-0.006293205900131041,-0.0034884839726479966,-0.006572128053071073,-0.00639359567584665,-0.007104639354296256,-0.003492071312649579
2026-06-24,0.001636616433233416,0.00034661085932672373,0.0012363332931358945,0.001531587819234128,0.0016571411545732403,0.00034661085932672373,0.0009616682591024017,0.0012106246840830974,0.0015794164909136454,0.00034661085932672373,0.0014720081400529498,0.0012922564631959363
2026-06-25,0.00010641143874212256,-0.0016096527008745618,-0.0001346922025966566,0.00022569320258047833,-0.00032914940113177134,-0.0016096527008745618,0.00032628311764911454,-5.542293617364867e-05,9.059665124355226e-05,-0.0016096527008745618,0.0021039299779249117,0.0003362736994731969
2026-06-26,-0.0024310601880797355,-0.0029361364994365804,-0.004636396369430117,-0.003736273599356317,-0.004144797792276179,-0.0029361364994365804,-0.006711260644217328,-0.004747826753171023,-0.006097770243238946,-0.0029361364994365804,-0.007014972946828018,-0.004856010201891573
2026-06-29,0.004149030157267224,0.005423423678601403,0.005852511646347144,0.004846906324728275,0.006312094204424917,0.005423423678601403,0.007107535462700897,0.005760732491183445,0.0076479900534546594,0.005423423678601403,0.006589935127420825,0.005573429267495841
2026-06-30,0.0016202625243518804,0.0004390752971681545,0.003827517394585338,0.003424201139286631,0.0019392675832123284,0.0004390752971681545,0.005338190719802387,0.003831372000597154,0.0027776819273271688,0.0004390752971681545,0.005749205698573717,0.0038536623754042796
2026-07-01,-0.002803064702912862,-0.004852597875657705,-0.002500081248320461,-0.002332733182287425,-0.0035696320313478302,-0.004852597875657705,-0.0016594100971118856,-0.00243248767749816,-0.0035681692841348467,-0.004852597875657705,-0.002228189987925438,-0.002210984359943465
2026-07-02,-0.00028270618903869016,0.0005564183731858789,0.00011890706588894349,7.25338040593503e-05,-3.1007419962523787e-06,0.0005564183731858789,-0.0013056008467721336,0.00010578766781087089,0.00023646444158519344,0.0005564183731858789,-0.002375515708151065,8.085965179036905e-05
